"Age" "Lx.1933" "Lx.1934" "Lx.1935" "Lx.1936" "Lx.1937" "Lx.1938" "Lx.1939" "Lx.1940" "Lx.1941" "Lx.1942" "Lx.1943" "Lx.1944" "Lx.1945" "Lx.1946" "Lx.1947" "Lx.1948" "Lx.1949" "Lx.1950" "Lx.1951" "Lx.1952" "Lx.1953" "Lx.1954" "Lx.1955" "Lx.1956" "Lx.1957" "Lx.1958" "Lx.1959" "Lx.1960" "Lx.1961" "Lx.1962" "Lx.1963" "Lx.1964" "Lx.1965" "Lx.1966" "Lx.1967" "Lx.1968" "Lx.1969" "Lx.1970" "Lx.1971" "Lx.1972" "Lx.1973" "Lx.1974" "Lx.1975" "Lx.1976" "Lx.1977" "Lx.1978" "Lx.1979" "Lx.1980" "Lx.1981" "Lx.1982" "Lx.1983" "Lx.1984" "Lx.1985" "Lx.1986" "Lx.1987" "Lx.1988" "Lx.1989" "Lx.1990" "Lx.1991" "Lx.1992" "Lx.1993" "Lx.1994" "Lx.1995" "Lx.1996" "Lx.1997" "Lx.1998" "Lx.1999" "Lx.2000" "Lx.2001" "Lx.2002" "Lx.2003" "Lx.2004" "Lx.2005" "Lx.2006" "Lx.2007" "Lx.2008" "Lx.2009" "Lx.2010" "Lx.2011" "Lx.2012" "Lx.2013" "Lx.2014" "Lx.2015" "Lx.2016" "Lx.2017" "Lx.2018" "Lx.2019" "Lx.2020" "Lx.2021" "Lx.2022" "Lx.2023"
"1" 0 96130 95847 96161 96082 96144 96303 96512 96512 96556 96759 96940 96976 97097 97031 97459 97503 97514 97675 97698 97700 97794 97882 97930 97967 97954 97946 97999 98034 98097 98116 98120 98127 98180 98227 98299 98321 98365 98392 98550 98634 98673 98703 98769 98817 98909 98941 98986 99014 99076 99110 99142 99154 99177 99204 99209 99208 99200 99258 99298 99326 99343 99360 99396 99411 99425 99411 99430 99441 99465 99454 99464 99463 99456 99456 99454 99472 99494 99517 99527 99531 99540 99542 99539 99543 99555 99570 99569 99587 99560 99560 99567
"2" 1 94374 93765 94456 94319 94447 94762 95198 95228 95307 95683 95966 96052 96257 96168 96816 96892 96911 97141 97163 97171 97310 97435 97502 97549 97530 97523 97598 97643 97729 97753 97759 97767 97841 97898 97997 98022 98081 98118 98307 98400 98441 98478 98552 98607 98710 98743 98796 98830 98899 98939 98976 98991 99019 99048 99055 99052 99043 99112 99156 99190 99210 99231 99273 99291 99310 99294 99317 99331 99357 99347 99359 99355 99350 99348 99345 99367 99395 99420 99432 99437 99448 99451 99448 99452 99466 99485 99482 99504 99470 99470 99479
"3" 2 93767 93090 93886 93754 93903 94255 94791 94860 94949 95382 95653 95774 96014 95945 96620 96710 96739 96980 96990 97002 97160 97295 97370 97417 97395 97389 97474 97517 97609 97633 97640 97650 97727 97786 97893 97916 97980 98022 98215 98311 98351 98395 98471 98528 98633 98667 98724 98759 98830 98872 98912 98930 98959 98987 98996 98994 98983 99059 99099 99138 99157 99182 99226 99248 99269 99253 99278 99293 99319 99312 99324 99319 99315 99312 99310 99333 99363 99388 99401 99407 99418 99423 99419 99422 99439 99457 99455 99479 99440 99438 99448
"4" 3 93444 92741 93580 93445 93612 93993 94576 94664 94760 95215 95477 95608 95869 95814 96503 96591 96630 96879 96886 96896 97062 97204 97284 97336 97311 97304 97394 97435 97531 97554 97561 97576 97651 97711 97824 97845 97910 97956 98149 98246 98289 98337 98415 98475 98580 98616 98675 98710 98783 98824 98870 98888 98919 98947 98956 98954 98945 99024 99061 99104 99121 99148 99194 99218 99241 99225 99251 99268 99293 99289 99297 99295 99293 99288 99287 99312 99341 99369 99381 99386 99399 99405 99400 99402 99421 99439 99436 99461 99420 99416 99427
"5" 4 93206 92499 93343 93220 93404 93805 94414 94520 94619 95083 95344 95481 95754 95712 96414 96500 96545 96798 96809 96812 96983 97136 97215 97272 97245 97236 97330 97370 97470 97495 97499 97518 97593 97651 97770 97790 97852 97904 98097 98196 98242 98290 98370 98434 98540 98577 98635 98675 98748 98789 98839 98857 98890 98916 98924 98923 98915 98996 99033 99079 99094 99122 99169 99193 99219 99204 99229 99248 99273 99270 99278 99277 99277 99271 99270 99294 99324 99353 99365 99370 99384 99390 99385 99386 99406 99425 99422 99447 99405 99398 99410
"6" 5 93016 92310 93144 93038 93238 93653 94279 94401 94506 94975 95235 95373 95652 95627 96338 96427 96475 96732 96741 96743 96920 97080 97159 97215 97191 97180 97274 97315 97417 97443 97447 97468 97543 97600 97723 97744 97804 97858 98051 98154 98200 98252 98333 98398 98505 98543 98601 98644 98719 98760 98812 98832 98865 98891 98900 98897 98889 98973 99011 99057 99072 99100 99148 99174 99199 99186 99212 99231 99256 99253 99262 99261 99262 99256 99256 99280 99310 99342 99352 99357 99371 99377 99373 99372 99394 99413 99409 99436 99392 99384 99396
"7" 6 92853 92147 92976 92885 93098 93524 94165 94297 94409 94884 95140 95282 95563 95551 96269 96364 96416 96675 96678 96682 96870 97031 97110 97166 97144 97132 97226 97268 97373 97397 97401 97426 97501 97557 97683 97702 97764 97818 98009 98115 98161 98218 98300 98366 98476 98513 98571 98615 98692 98734 98787 98811 98840 98870 98879 98875 98866 98951 98990 99038 99052 99082 99130 99157 99181 99171 99196 99216 99242 99239 99248 99246 99248 99242 99244 99268 99297 99331 99340 99346 99359 99366 99362 99360 99383 99402 99397 99425 99381 99372 99384
"8" 7 92709 92002 92830 92750 92974 93410 94068 94205 94320 94806 95054 95203 95487 95482 96209 96305 96363 96625 96625 96626 96825 96991 97069 97124 97102 97092 97184 97227 97334 97357 97363 97389 97463 97520 97647 97665 97728 97783 97973 98079 98125 98188 98271 98338 98450 98485 98547 98589 98668 98711 98764 98789 98818 98850 98858 98856 98846 98932 98972 99021 99033 99064 99113 99141 99165 99156 99181 99202 99228 99227 99235 99234 99233 99230 99231 99257 99286 99321 99330 99337 99349 99357 99351 99349 99372 99393 99386 99415 99370 99360 99373
"9" 8 92579 91871 92703 92631 92863 93308 93984 94123 94240 94737 94976 95133 95419 95419 96156 96251 96311 96578 96582 96579 96781 96951 97034 97088 97064 97056 97149 97191 97299 97322 97329 97355 97430 97488 97614 97631 97695 97753 97942 98046 98094 98160 98245 98312 98425 98460 98524 98566 98645 98689 98743 98769 98799 98831 98839 98836 98826 98916 98955 99006 99014 99047 99097 99125 99150 99141 99166 99188 99214 99214 99223 99222 99220 99218 99219 99246 99276 99311 99320 99328 99339 99348 99341 99338 99362 99383 99377 99405 99360 99350 99363
"10" 9 92463 91752 92588 92522 92762 93215 93907 94048 94168 94675 94904 95069 95356 95360 96109 96201 96262 96533 96544 96541 96744 96911 97001 97058 97030 97024 97117 97157 97269 97291 97299 97324 97400 97457 97584 97600 97664 97725 97915 98017 98065 98134 98221 98289 98401 98436 98501 98543 98625 98669 98724 98750 98781 98813 98821 98817 98808 98900 98938 98991 98997 99032 99083 99109 99136 99128 99152 99175 99202 99201 99210 99210 99208 99207 99207 99236 99266 99301 99309 99318 99330 99339 99332 99328 99351 99372 99367 99397 99351 99339 99353
"11" 10 92357 91643 92481 92421 92669 93130 93835 93978 94101 94618 94837 95007 95297 95305 96065 96155 96216 96490 96507 96505 96710 96876 96966 97028 96999 96995 97086 97128 97239 97264 97271 97297 97373 97429 97556 97573 97637 97699 97888 97990 98039 98111 98198 98267 98379 98414 98481 98522 98608 98650 98708 98731 98765 98796 98806 98799 98790 98884 98922 98977 98982 99019 99068 99095 99121 99114 99138 99163 99189 99188 99197 99197 99196 99196 99195 99225 99255 99292 99300 99308 99321 99330 99324 99318 99342 99361 99358 99388 99341 99328 99343
"12" 11 92258 91539 92379 92322 92578 93049 93765 93908 94036 94563 94773 94946 95237 95252 96021 96111 96172 96450 96471 96468 96677 96844 96935 96996 96968 96967 97057 97099 97211 97236 97242 97269 97347 97402 97530 97545 97610 97674 97861 97964 98014 98088 98176 98247 98357 98394 98463 98502 98590 98632 98691 98713 98749 98779 98791 98781 98772 98868 98907 98963 98968 99005 99053 99080 99106 99101 99123 99150 99177 99175 99183 99185 99185 99185 99184 99214 99243 99281 99290 99299 99311 99321 99315 99308 99331 99350 99348 99379 99331 99317 99332
"13" 12 92158 91436 92275 92221 92486 92966 93690 93836 93969 94505 94708 94884 95174 95196 95975 96064 96128 96410 96434 96427 96642 96813 96905 96965 96933 96937 97026 97069 97182 97207 97214 97240 97319 97373 97504 97518 97582 97648 97834 97938 97988 98062 98153 98226 98334 98373 98442 98481 98569 98613 98673 98695 98729 98762 98775 98764 98753 98851 98890 98947 98952 98989 99036 99064 99091 99086 99108 99135 99163 99162 99170 99173 99173 99174 99173 99203 99231 99270 99281 99289 99300 99311 99305 99297 99321 99338 99337 99368 99319 99304 99320
"14" 13 92052 91328 92165 92112 92386 92876 93608 93755 93895 94440 94639 94817 95108 95137 95923 96014 96081 96368 96395 96383 96602 96778 96873 96933 96897 96902 96993 97037 97152 97177 97184 97210 97289 97343 97474 97488 97551 97618 97804 97909 97960 98034 98129 98202 98309 98349 98419 98459 98546 98592 98653 98673 98708 98742 98757 98745 98733 98831 98873 98930 98933 98971 99017 99045 99074 99070 99093 99120 99148 99146 99156 99158 99159 99161 99159 99191 99219 99258 99270 99278 99288 99299 99292 99285 99309 99325 99324 99354 99305 99289 99307
"15" 14 91932 91208 92044 91990 92274 92775 93513 93663 93811 94366 94562 94745 95036 95072 95863 95957 96029 96320 96350 96334 96556 96740 96836 96898 96859 96865 96959 97002 97120 97145 97151 97178 97258 97311 97442 97455 97516 97585 97771 97875 97927 98002 98101 98173 98281 98322 98392 98433 98521 98568 98630 98648 98685 98718 98734 98720 98710 98806 98852 98907 98908 98947 98993 99023 99053 99050 99075 99100 99129 99126 99139 99139 99141 99146 99143 99177 99205 99244 99256 99264 99273 99286 99276 99270 99294 99310 99309 99339 99287 99271 99291
"16" 15 91794 91070 91905 91850 92145 92658 93402 93556 93711 94280 94473 94663 94956 94999 95794 95892 95970 96265 96298 96278 96505 96696 96794 96856 96816 96826 96918 96964 97083 97109 97111 97141 97221 97271 97405 97416 97474 97545 97731 97834 97888 97966 98065 98139 98246 98287 98358 98401 98491 98539 98602 98619 98655 98688 98704 98689 98677 98774 98823 98877 98878 98918 98964 98995 99027 99024 99052 99076 99107 99103 99119 99116 99121 99126 99124 99157 99187 99228 99239 99247 99257 99270 99259 99252 99275 99293 99292 99321 99267 99251 99269
"17" 16 91634 90913 91747 91688 91996 92523 93274 93432 93596 94180 94371 94571 94867 94918 95716 95818 95903 96201 96237 96214 96446 96647 96744 96806 96765 96781 96871 96920 97040 97065 97066 97095 97176 97225 97360 97367 97424 97498 97681 97785 97839 97921 98021 98098 98201 98242 98315 98357 98453 98503 98567 98580 98617 98648 98665 98649 98634 98734 98783 98837 98840 98881 98925 98956 98992 98990 99019 99044 99076 99071 99089 99085 99093 99099 99098 99133 99164 99207 99218 99225 99238 99251 99238 99230 99252 99271 99272 99298 99242 99227 99245
"18" 17 91452 90734 91568 91506 91826 92370 93131 93294 93467 94066 94256 94467 94767 94826 95628 95737 95829 96129 96169 96144 96381 96592 96690 96751 96707 96729 96820 96870 96991 97016 97014 97042 97126 97170 97307 97310 97365 97441 97622 97726 97781 97869 97970 98048 98148 98191 98264 98306 98405 98460 98524 98536 98573 98600 98615 98601 98585 98687 98736 98794 98795 98836 98879 98911 98948 98949 98976 99006 99036 99031 99052 99047 99058 99065 99065 99104 99135 99181 99192 99201 99215 99227 99213 99203 99227 99246 99248 99272 99211 99197 99216
"19" 18 91250 90536 91370 91302 91637 92201 92974 93143 93325 93939 94128 94352 94657 94723 95531 95648 95750 96051 96094 96068 96312 96532 96630 96692 96644 96671 96764 96814 96938 96961 96958 96985 97071 97108 97245 97246 97297 97377 97556 97659 97715 97810 97913 97990 98087 98131 98208 98248 98351 98410 98474 98489 98523 98547 98562 98549 98533 98636 98686 98748 98746 98787 98829 98864 98900 98905 98930 98963 98993 98986 99009 99004 99017 99026 99027 99070 99101 99151 99161 99172 99187 99198 99181 99170 99196 99214 99218 99238 99172 99160 99181
"20" 19 91027 90319 91154 91080 91428 92016 92804 92980 93172 93801 93989 94223 94535 94609 95425 95552 95665 95969 96013 95987 96239 96468 96566 96629 96578 96610 96704 96754 96880 96901 96896 96923 97010 97042 97176 97178 97225 97305 97485 97592 97646 97746 97852 97929 98024 98070 98149 98188 98294 98357 98421 98437 98470 98493 98511 98496 98482 98586 98635 98701 98695 98738 98781 98818 98852 98860 98885 98917 98951 98941 98962 98957 98972 98981 98984 99031 99063 99116 99127 99139 99153 99165 99143 99132 99159 99178 99181 99196 99127 99119 99141
"21" 20 90784 90082 90920 90841 91203 91817 92623 92807 93008 93650 93839 94082 94401 94483 95309 95449 95573 95882 95930 95905 96163 96400 96498 96562 96510 96548 96640 96692 96823 96837 96832 96861 96946 96976 97109 97109 97155 97232 97416 97523 97576 97682 97790 97868 97964 98011 98090 98128 98238 98303 98368 98385 98421 98441 98461 98445 98433 98539 98585 98656 98648 98691 98732 98773 98807 98817 98840 98873 98908 98897 98916 98911 98927 98936 98940 98989 99025 99078 99090 99102 99116 99128 99103 99091 99118 99137 99143 99151 99077 99071 99099
"22" 21 90522 89827 90669 90586 90964 91606 92432 92625 92835 93488 93680 93929 94257 94346 95186 95340 95477 95792 95844 95822 96088 96330 96427 96495 96440 96484 96574 96626 96762 96771 96766 96797 96880 96909 97042 97040 97086 97160 97346 97454 97506 97618 97727 97807 97902 97949 98029 98068 98183 98249 98315 98331 98371 98388 98409 98393 98383 98491 98533 98608 98599 98642 98685 98727 98762 98774 98794 98826 98862 98850 98868 98865 98882 98889 98895 98946 98984 99037 99050 99063 99077 99086 99060 99046 99073 99094 99100 99101 99021 99020 99055
"23" 22 90244 89556 90405 90319 90713 91386 92231 92433 92653 93316 93512 93769 94106 94202 95057 95226 95375 95697 95754 95737 96011 96257 96353 96424 96370 96417 96508 96559 96698 96702 96696 96727 96811 96841 96973 96969 97016 97087 97272 97382 97435 97552 97662 97746 97838 97883 97968 98008 98125 98193 98262 98277 98319 98335 98356 98340 98332 98442 98481 98560 98549 98592 98637 98681 98714 98729 98748 98779 98817 98802 98819 98818 98834 98839 98847 98900 98940 98994 99006 99020 99035 99041 99014 98997 99023 99048 99055 99046 98961 98967 99005
"24" 23 89953 89272 90127 90038 90452 91156 92022 92234 92464 93137 93338 93602 93951 94054 94924 95108 95270 95599 95661 95649 95933 96183 96277 96351 96296 96349 96440 96494 96632 96634 96627 96657 96741 96771 96903 96897 96941 97014 97199 97311 97366 97486 97596 97684 97776 97817 97906 97949 98065 98138 98207 98224 98266 98280 98301 98285 98279 98390 98430 98511 98499 98541 98588 98634 98664 98684 98702 98733 98771 98757 98769 98772 98786 98792 98800 98855 98894 98949 98961 98975 98991 98996 98967 98945 98971 98999 99004 98987 98896 98909 98953
"25" 24 89652 88979 89839 89747 90182 90919 91805 92029 92269 92952 93159 93433 93792 93904 94788 94987 95161 95496 95564 95558 95852 96107 96200 96276 96219 96277 96369 96424 96562 96565 96557 96584 96671 96700 96831 96825 96864 96942 97129 97238 97297 97419 97530 97621 97713 97753 97843 97888 98004 98082 98152 98168 98213 98224 98246 98229 98224 98337 98378 98460 98447 98490 98538 98587 98616 98638 98656 98687 98723 98710 98719 98725 98737 98743 98750 98808 98844 98902 98914 98927 98943 98951 98918 98892 98916 98946 98950 98924 98827 98847 98897
"26" 25 89345 88678 89541 89445 89904 90675 91580 91819 92070 92765 92978 93264 93633 93754 94650 94865 95049 95389 95462 95461 95766 96028 96121 96199 96139 96201 96290 96349 96489 96490 96481 96508 96599 96625 96756 96747 96788 96868 97053 97164 97228 97350 97465 97558 97651 97689 97781 97824 97943 98025 98098 98113 98159 98167 98189 98172 98167 98282 98323 98406 98393 98438 98486 98536 98568 98591 98608 98641 98674 98662 98669 98677 98687 98691 98700 98759 98794 98852 98865 98878 98894 98903 98865 98835 98857 98891 98895 98856 98753 98781 98837
"27" 26 89033 88371 89236 89133 89620 90423 91347 91603 91868 92575 92794 93094 93473 93603 94509 94740 94933 95278 95356 95360 95676 95945 96039 96119 96057 96122 96209 96267 96411 96409 96404 96431 96524 96546 96680 96668 96710 96789 96970 97090 97158 97279 97399 97491 97588 97625 97717 97760 97881 97966 98041 98057 98104 98108 98128 98112 98107 98223 98266 98349 98336 98381 98432 98483 98517 98541 98560 98592 98623 98612 98618 98626 98637 98639 98648 98708 98741 98801 98812 98826 98842 98849 98810 98775 98797 98831 98836 98784 98675 98710 98776
"28" 27 88716 88059 88924 88814 89329 90165 91106 91382 91662 92383 92607 92921 93308 93448 94363 94610 94814 95164 95247 95255 95582 95860 95955 96037 95971 96040 96129 96183 96330 96327 96325 96350 96444 96465 96602 96588 96630 96707 96889 97010 97080 97206 97329 97422 97521 97559 97651 97695 97817 97904 97981 97999 98046 98047 98067 98049 98045 98161 98206 98292 98277 98320 98372 98428 98463 98489 98509 98541 98571 98562 98563 98572 98585 98583 98594 98655 98686 98749 98759 98772 98786 98793 98752 98710 98732 98767 98773 98708 98591 98635 98711
"29" 28 88394 87742 88607 88491 89032 89902 90858 91153 91449 92186 92414 92743 93138 93289 94212 94475 94688 95044 95131 95144 95481 95768 95865 95950 95880 95954 96046 96097 96247 96245 96234 96262 96359 96379 96519 96504 96545 96621 96809 96928 96996 97130 97256 97352 97452 97488 97584 97626 97750 97841 97917 97938 97984 97985 98001 97981 97979 98096 98142 98229 98213 98255 98308 98367 98405 98437 98456 98488 98515 98508 98508 98517 98530 98526 98538 98600 98628 98694 98705 98715 98728 98735 98690 98641 98659 98698 98706 98626 98501 98555 98642
"30" 29 88066 87421 88287 88165 88729 89633 90603 90917 91228 91982 92214 92556 92959 93123 94054 94335 94557 94918 95009 95026 95374 95670 95769 95854 95781 95861 95956 96005 96159 96153 96138 96170 96269 96289 96432 96413 96455 96530 96721 96841 96912 97049 97180 97280 97379 97414 97515 97557 97680 97777 97851 97874 97921 97920 97933 97912 97912 98031 98077 98164 98145 98187 98240 98301 98347 98381 98400 98432 98455 98450 98449 98459 98471 98466 98476 98540 98566 98633 98646 98652 98669 98673 98625 98570 98584 98623 98636 98538 98405 98467 98566
"31" 30 87734 87095 87963 87838 88422 89361 90343 90671 90997 91769 92002 92356 92770 92948 93888 94187 94418 94787 94884 94905 95261 95565 95667 95752 95675 95760 95859 95903 96060 96055 96042 96074 96173 96193 96340 96318 96362 96437 96629 96751 96825 96967 97101 97206 97307 97343 97448 97486 97608 97712 97787 97809 97858 97853 97863 97842 97842 97960 98007 98098 98075 98117 98169 98234 98286 98321 98340 98374 98393 98389 98388 98399 98410 98404 98412 98478 98501 98569 98583 98586 98606 98608 98555 98495 98507 98542 98559 98443 98301 98373 98482
"32" 31 87396 86764 87636 87510 88109 89085 90076 90415 90755 91545 91779 92143 92569 92764 93715 94032 94271 94649 94752 94779 95142 95453 95559 95644 95561 95652 95754 95797 95953 95952 95941 95968 96067 96088 96241 96216 96262 96339 96530 96654 96729 96878 97014 97126 97228 97270 97375 97411 97536 97643 97720 97738 97789 97782 97787 97765 97766 97885 97929 98026 97999 98041 98090 98163 98218 98254 98275 98312 98328 98324 98323 98338 98344 98338 98347 98413 98435 98503 98514 98517 98539 98542 98481 98413 98423 98458 98475 98344 98190 98273 98392
"33" 32 87048 86425 87302 87175 87788 88801 89801 90148 90502 91310 91542 91916 92354 92569 93532 93869 94115 94500 94608 94643 95015 95333 95442 95528 95439 95536 95637 95689 95841 95838 95827 95852 95948 95972 96132 96105 96148 96232 96420 96547 96628 96785 96920 97038 97142 97188 97297 97333 97459 97568 97649 97665 97712 97703 97707 97684 97684 97806 97849 97947 97918 97959 98006 98082 98144 98182 98205 98242 98258 98254 98256 98269 98273 98268 98278 98344 98367 98434 98440 98447 98467 98469 98401 98324 98334 98369 98388 98239 98070 98167 98296
"34" 33 86686 86074 86955 86829 87455 88506 89514 89870 90238 91062 91292 91676 92126 92363 93340 93694 93948 94341 94454 94494 94878 95205 95317 95403 95309 95412 95510 95570 95725 95718 95703 95724 95822 95845 96012 95983 96023 96115 96303 96428 96517 96683 96821 96944 97052 97097 97213 97250 97375 97489 97572 97588 97629 97619 97621 97601 97597 97722 97767 97862 97832 97871 97919 97996 98065 98106 98130 98167 98181 98179 98182 98196 98197 98194 98205 98274 98291 98361 98364 98373 98391 98391 98315 98233 98239 98275 98292 98124 97940 98054 98192
"35" 34 86308 85708 86592 86465 87108 88197 89213 89580 89964 90800 91027 91421 91883 92143 93135 93507 93771 94172 94291 94336 94731 95069 95186 95273 95171 95281 95379 95440 95598 95589 95572 95589 95689 95710 95879 95851 95889 95986 96177 96303 96397 96567 96720 96845 96958 97003 97121 97161 97288 97405 97488 97504 97544 97530 97532 97513 97505 97633 97678 97772 97740 97774 97825 97905 97980 98021 98049 98085 98097 98098 98100 98116 98118 98116 98128 98199 98210 98286 98283 98293 98310 98307 98225 98138 98139 98178 98193 98006 97801 97932 98081
"36" 35 85909 85324 86209 86079 86741 87869 88895 89277 89680 90527 90749 91154 91624 91908 92916 93305 93580 93991 94116 94165 94572 94921 95043 95133 95024 95139 95241 95295 95457 95448 95430 95446 95541 95569 95732 95707 95747 95842 96041 96170 96270 96444 96611 96739 96855 96905 97024 97064 97197 97317 97401 97415 97455 97438 97440 97419 97408 97538 97581 97677 97644 97673 97723 97808 97891 97929 97962 97997 98007 98008 98010 98030 98034 98031 98041 98115 98127 98204 98198 98209 98221 98216 98133 98036 98033 98075 98091 97883 97656 97807 97964
"37" 36 85492 84920 85803 85668 86354 87521 88559 88961 89386 90240 90458 90875 91350 91658 92681 93086 93375 93796 93928 93981 94401 94761 94886 94982 94866 94988 95094 95142 95307 95294 95274 95291 95386 95416 95577 95551 95594 95687 95894 96024 96128 96313 96490 96623 96739 96796 96915 96958 97094 97220 97309 97319 97358 97340 97340 97315 97306 97436 97478 97574 97543 97562 97614 97703 97792 97831 97866 97903 97908 97911 97912 97938 97941 97938 97949 98025 98038 98113 98107 98118 98128 98119 98032 97927 97924 97964 97983 97753 97503 97675 97845
"38" 37 85062 84500 85376 85234 85946 87153 88205 88629 89078 89938 90152 90582 91061 91393 92430 92849 93155 93586 93726 93783 94218 94590 94717 94818 94696 94826 94938 94984 95144 95124 95107 95125 95222 95253 95412 95382 95426 95523 95733 95867 95972 96170 96355 96496 96611 96675 96795 96846 96982 97112 97205 97215 97257 97238 97232 97205 97198 97328 97372 97464 97430 97444 97496 97590 97684 97723 97759 97797 97800 97804 97805 97837 97841 97839 97853 97930 97940 98016 98010 98024 98030 98017 97925 97813 97808 97850 97868 97613 97342 97534 97719
"39" 38 84621 84066 84933 84779 85517 86765 87834 88280 88753 89620 89830 90274 90758 91113 92163 92594 92918 93360 93509 93571 94018 94403 94532 94637 94510 94649 94765 94809 94969 94942 94925 94943 95040 95076 95232 95197 95243 95342 95556 95695 95803 96013 96206 96353 96472 96543 96665 96722 96859 96994 97086 97099 97146 97124 97112 97087 97082 97211 97252 97344 97302 97319 97367 97467 97568 97605 97642 97681 97680 97689 97690 97725 97731 97731 97747 97826 97834 97913 97907 97923 97926 97907 97813 97692 97688 97730 97745 97467 97172 97385 97581
"40" 39 84174 83621 84479 84308 85069 86357 87446 87912 88408 89282 89491 89948 90442 90819 91880 92320 92664 93115 93272 93340 93800 94197 94329 94439 94305 94453 94568 94613 94780 94748 94721 94742 94843 94880 95036 94996 95041 95146 95367 95510 95618 95845 96047 96200 96325 96400 96525 96584 96725 96867 96962 96974 97024 97003 96987 96963 96963 97089 97126 97217 97168 97188 97231 97337 97444 97480 97514 97555 97548 97558 97563 97605 97609 97609 97629 97715 97720 97801 97796 97812 97814 97791 97696 97565 97562 97600 97610 97314 96991 97224 97438
"41" 40 83719 83167 84017 83827 84603 85932 87041 87521 88038 88923 89131 89600 90109 90510 91582 92029 92391 92848 93010 93088 93560 93971 94106 94221 94085 94241 94354 94396 94575 94537 94509 94530 94627 94668 94823 94774 94821 94932 95158 95314 95417 95661 95868 96032 96169 96246 96377 96432 96582 96728 96831 96839 96893 96871 96857 96833 96835 96964 96996 97087 97030 97051 97091 97201 97309 97347 97380 97418 97405 97415 97423 97469 97474 97476 97499 97589 97595 97682 97675 97690 97692 97668 97574 97432 97424 97463 97470 97151 96799 97054 97283
"42" 41 83251 82700 83547 83337 84122 85489 86620 87106 87641 88539 88747 89228 89757 90182 91264 91718 92099 92559 92724 92813 93295 93722 93864 93985 93848 94013 94129 94165 94352 94313 94284 94307 94399 94436 94595 94537 94592 94704 94933 95102 95202 95459 95672 95844 95989 96072 96218 96264 96423 96571 96682 96691 96747 96724 96717 96693 96691 96825 96854 96943 96881 96902 96939 97049 97162 97203 97236 97269 97253 97262 97269 97321 97328 97333 97358 97450 97456 97553 97545 97559 97559 97533 97439 97294 97281 97321 97326 96976 96595 96875 97117
"43" 42 82764 82216 83064 82835 83626 85029 86179 86666 87217 88132 88341 88833 89383 89833 90923 91385 91783 92247 92417 92516 93007 93449 93601 93726 93590 93764 93887 93913 94109 94064 94032 94058 94152 94182 94346 94285 94339 94455 94689 94860 94969 95230 95455 95640 95784 95876 96036 96083 96244 96400 96514 96526 96584 96563 96561 96535 96538 96672 96701 96785 96722 96742 96773 96887 97005 97047 97077 97108 97091 97095 97103 97160 97165 97174 97209 97298 97306 97412 97402 97417 97416 97383 97290 97145 97127 97172 97176 96793 96376 96686 96943
"44" 43 82250 81709 82562 82318 83113 84550 85716 86201 86766 87700 87910 88416 88985 89458 90555 91027 91440 91911 92088 92199 92695 93154 93315 93444 93310 93492 93620 93636 93841 93788 93750 93781 93875 93906 94076 94003 94059 94183 94414 94589 94710 94978 95218 95417 95557 95655 95827 95885 96049 96218 96329 96342 96408 96385 96390 96360 96365 96508 96536 96615 96554 96571 96594 96714 96835 96876 96906 96933 96913 96912 96924 96982 96986 96997 97044 97133 97143 97257 97241 97262 97260 97223 97130 96982 96961 97011 97017 96602 96143 96486 96760
"45" 44 81705 81172 82032 81779 82580 84050 85228 85711 86287 87242 87452 87979 88560 89056 90159 90643 91067 91549 91737 91859 92364 92837 93006 93138 93008 93198 93334 93343 93556 93496 93451 93485 93576 93612 93790 93701 93757 93894 94122 94296 94429 94707 94965 95172 95315 95416 95599 95665 95840 96018 96132 96143 96216 96188 96205 96172 96178 96333 96359 96437 96373 96386 96405 96530 96652 96690 96719 96745 96719 96714 96729 96789 96792 96804 96858 96948 96961 97084 97066 97093 97092 97050 96957 96805 96787 96840 96847 96398 95901 96277 96564
"46" 45 81124 80602 81467 81210 82022 83525 84711 85193 85782 86759 86968 87521 88108 88625 89731 90231 90662 91161 91365 91496 92011 92501 92676 92805 92680 92879 93023 93020 93250 93191 93130 93167 93247 93294 93476 93383 93431 93571 93812 93983 94131 94417 94690 94904 95051 95156 95358 95418 95607 95796 95915 95921 96005 95975 95997 95973 95980 96136 96164 96249 96175 96186 96207 96333 96461 96495 96517 96543 96509 96500 96517 96582 96585 96594 96656 96745 96760 96895 96876 96906 96907 96864 96767 96613 96601 96653 96663 96177 95646 96058 96358
"47" 46 80506 79997 80862 80604 81432 82969 84161 84648 85250 86249 86456 87042 87626 88163 89271 89790 90222 90743 90968 91106 91631 92141 92321 92445 92320 92530 92685 92673 92915 92859 92785 92824 92896 92941 93132 93033 93086 93216 93465 93648 93800 94101 94395 94612 94766 94868 95093 95151 95345 95551 95676 95682 95773 95742 95768 95752 95759 95915 95942 96037 95962 95964 95996 96116 96254 96290 96303 96328 96286 96274 96287 96353 96360 96371 96439 96524 96539 96685 96665 96702 96705 96661 96563 96404 96396 96447 96464 95939 95373 95826 96142
"48" 47 79851 79351 80215 79957 80804 82377 83575 84070 84688 85708 85910 86533 87111 87668 88778 89317 89747 90291 90537 90683 91221 91750 91939 92059 91931 92148 92321 92298 92547 92485 92413 92450 92519 92556 92758 92644 92719 92836 93088 93270 93431 93758 94067 94292 94459 94559 94800 94864 95067 95284 95413 95427 95519 95489 95518 95498 95511 95670 95699 95801 95724 95725 95760 95883 96027 96067 96073 96097 96048 96034 96042 96106 96115 96131 96198 96285 96298 96451 96435 96478 96482 96440 96341 96183 96171 96226 96248 95684 95078 95577 95914
"49" 48 79157 78664 79525 79266 80133 81743 82947 83456 84091 85133 85326 85989 86560 87138 88247 88810 89239 89806 90072 90226 90777 91327 91528 91647 91514 91737 91916 91893 92144 92073 92003 92045 92110 92141 92348 92221 92318 92439 92695 92864 93032 93388 93700 93942 94126 94223 94480 94543 94753 94986 95116 95137 95224 95204 95232 95215 95239 95398 95433 95540 95453 95462 95499 95626 95778 95820 95826 95846 95796 95772 95782 95847 95850 95868 95935 96027 96036 96201 96186 96230 96240 96196 96097 95944 95930 95992 96014 95409 94765 95308 95673
"50" 49 78421 77930 78791 78529 79414 81064 82273 82800 83455 84517 84700 85402 85971 86570 87676 88266 88697 89280 89556 89723 90288 90860 91081 91205 91063 91295 91475 91457 91711 91630 91558 91610 91673 91700 91906 91770 91876 92009 92276 92445 92612 92984 93313 93564 93762 93869 94142 94199 94408 94650 94792 94816 94900 94895 94924 94909 94950 95105 95142 95256 95164 95175 95217 95353 95504 95554 95559 95577 95520 95489 95502 95570 95564 95584 95658 95747 95758 95931 95912 95959 95971 95927 95829 95676 95670 95740 95759 95116 94428 95018 95417
"51" 50 77641 77144 78013 77742 78645 80337 81551 82095 82771 83852 84024 84763 85339 85959 87061 87677 88119 88713 88985 89166 89745 90340 90591 90728 90571 90813 91000 90970 91237 91146 91073 91129 91193 91230 91434 91281 91405 91536 91817 92000 92167 92549 92892 93147 93353 93479 93772 93828 94045 94293 94438 94475 94557 94565 94599 94582 94633 94788 94826 94951 94858 94870 94911 95063 95214 95269 95275 95287 95223 95190 95201 95270 95256 95280 95359 95440 95458 95635 95613 95665 95675 95634 95537 95382 95384 95465 95485 94799 94064 94704 95142
"52" 51 76814 76306 77189 76906 77824 79560 80779 81341 82036 83132 83290 84065 84658 85303 86398 87042 87505 88108 88371 88567 89153 89771 90059 90215 90037 90286 90495 90449 90723 90631 90556 90608 90682 90719 90935 90766 90910 91037 91333 91527 91688 92085 92442 92697 92913 93049 93362 93416 93639 93902 94045 94092 94177 94189 94229 94221 94274 94434 94473 94612 94517 94533 94575 94737 94896 94958 94965 94975 94911 94871 94877 94950 94927 94958 95032 95114 95137 95317 95291 95344 95354 95311 95219 95064 95070 95161 95190 94454 93674 94370 94840
"53" 52 75945 75421 76319 76021 76953 78732 79956 80537 81250 82358 82497 83308 83927 84598 85686 86358 86850 87460 87712 87930 88518 89154 89482 89661 89458 89718 89945 89894 90177 90064 89992 90052 90127 90163 90404 90220 90380 90504 90815 91017 91182 91588 91975 92222 92444 92593 92920 92973 93192 93463 93618 93671 93753 93769 93810 93814 93878 94048 94088 94234 94138 94153 94203 94371 94538 94614 94624 94635 94570 94532 94531 94610 94575 94613 94687 94767 94787 94972 94943 95000 95007 94959 94871 94718 94731 94828 94870 94081 93258 94013 94514
"54" 53 75036 74495 75404 75088 76033 77854 79081 79682 80416 81534 81647 82493 83141 83844 84924 85623 86148 86763 86998 87242 87837 88495 88856 89056 88833 89105 89347 89308 89584 89466 89382 89448 89534 89567 89822 89633 89809 89927 90247 90461 90635 91052 91468 91715 91940 92098 92439 92493 92716 92998 93151 93221 93292 93312 93358 93365 93446 93625 93675 93819 93720 93740 93796 93967 94143 94230 94246 94261 94192 94165 94165 94252 94202 94246 94327 94399 94408 94604 94574 94634 94636 94583 94492 94341 94364 94471 94522 93679 92813 93631 94163
"55" 54 74090 73535 74449 74112 75068 76925 78153 78776 79533 80664 80745 81624 82298 83035 84110 84836 85394 86016 86231 86497 87103 87797 88181 88394 88154 88444 88706 88684 88961 88855 88759 88805 88909 88943 89193 89002 89189 89303 89634 89869 90047 90488 90912 91177 91410 91569 91918 91974 92209 92514 92651 92732 92803 92824 92874 92882 92979 93168 93230 93377 93275 93300 93357 93532 93720 93821 93832 93852 93785 93761 93768 93867 93813 93852 93941 94014 94011 94214 94179 94241 94239 94179 94086 93932 93967 94082 94142 93246 92341 93220 93786
"56" 55 73109 72547 73454 73097 74062 75948 77171 77817 78600 79748 79792 80704 81399 82172 83243 83993 84585 85221 85422 85704 86319 87063 87464 87677 87427 87738 88032 88010 88313 88205 88105 88152 88242 88280 88540 88326 88524 88634 88980 89233 89415 89890 90315 90600 90842 91005 91359 91410 91654 91988 92116 92205 92273 92307 92350 92356 92475 92660 92736 92898 92804 92831 92881 93064 93260 93375 93383 93407 93346 93322 93333 93445 93399 93431 93525 93601 93592 93802 93756 93818 93811 93744 93654 93493 93532 93657 93728 92777 91832 92770 93379
"57" 56 72085 71525 72417 72041 73016 74921 76131 76801 77613 78781 78783 79733 80442 81254 82321 83092 83716 84373 84569 84867 85489 86288 86698 86908 86653 86984 87330 87307 87614 87510 87408 87471 87553 87581 87841 87617 87820 87928 88280 88534 88725 89226 89679 89966 90222 90400 90766 90801 91038 91399 91527 91633 91698 91748 91793 91779 91923 92105 92193 92365 92280 92318 92359 92552 92750 92872 92884 92918 92864 92849 92867 92989 92952 92987 93085 93156 93146 93365 93314 93362 93351 93274 93187 93022 93064 93194 93279 92270 91276 92285 92940
"58" 57 71004 70456 71332 70937 71923 73842 75030 75721 76565 77754 77712 78702 79425 80276 81341 82132 82784 83465 83662 83977 84610 85467 85874 86080 85831 86182 86590 86558 86876 86774 86656 86733 86820 86859 87083 86850 87069 87170 87530 87789 87972 88508 88981 89288 89554 89747 90130 90158 90387 90760 90891 91006 91075 91148 91187 91162 91327 91514 91608 91792 91700 91753 91789 91994 92191 92322 92340 92382 92331 92333 92358 92493 92464 92508 92616 92685 92672 92895 92839 92878 92859 92772 92683 92518 92559 92694 92791 91719 90677 91756 92462
"59" 58 69850 69319 70187 69775 70776 72708 73867 74574 75447 76657 76572 77604 78341 79232 80294 81106 81787 82496 82706 83039 83687 84604 85002 85194 84958 85336 85741 85759 86086 85973 85832 85931 86028 86072 86291 86008 86258 86354 86728 86999 87171 87749 88221 88555 88842 89035 89443 89461 89699 90068 90193 90305 90379 90480 90507 90478 90664 90863 90952 91156 91060 91121 91164 91382 91577 91732 91750 91798 91746 91764 91795 91951 91932 91983 92109 92185 92170 92392 92329 92368 92340 92242 92144 91982 92017 92162 92264 91128 90039 91181 91944
"60" 59 68607 68097 68972 68543 69564 71513 72639 73356 74256 75479 75354 76430 77185 78112 79173 80008 80719 81461 81699 82056 82719 83690 84080 84252 84016 84423 84766 84833 85240 85092 84939 85065 85176 85211 85445 85131 85384 85485 85880 86138 86318 86931 87418 87759 88082 88280 88711 88710 88955 89323 89433 89542 89628 89745 89781 89749 89937 90167 90240 90453 90355 90431 90483 90722 90919 91093 91102 91161 91109 91142 91173 91359 91354 91410 91552 91643 91634 91855 91792 91825 91794 91685 91575 91408 91442 91593 91701 90497 89350 90561 91388
"61" 60 67263 66772 67675 67229 68276 70248 71339 72068 72997 74224 74061 75178 75958 76915 77970 78831 79573 80338 80606 80999 81683 82700 83089 83244 82994 83422 83763 83743 84255 84142 83971 84126 84239 84265 84535 84193 84474 84562 84969 85208 85393 86029 86549 86900 87228 87447 87908 87891 88155 88536 88633 88739 88822 88951 89005 88978 89172 89412 89490 89709 89594 89696 89754 90006 90225 90400 90405 90472 90423 90461 90493 90714 90725 90786 90945 91044 91045 91285 91222 91242 91212 91092 90979 90797 90826 90986 91094 89802 88610 89896 90782
"62" 61 65816 65340 66290 65824 66902 68905 69960 70703 71669 72898 72702 73857 74665 75644 76688 77575 78343 79119 79410 79840 80559 81623 82021 82166 81896 82340 82751 82666 83134 83069 82951 83113 83224 83251 83562 83180 83516 83600 83994 84222 84421 85060 85623 85969 86310 86535 87034 87013 87278 87689 87776 87886 87948 88069 88149 88120 88339 88582 88662 88906 88769 88880 88946 89207 89454 89637 89644 89715 89684 89726 89760 90007 90037 90114 90295 90389 90405 90670 90616 90619 90586 90455 90346 90154 90170 90335 90438 89057 87817 89182 90125
"63" 62 64278 63809 64813 64320 65434 67472 68495 69251 70261 71494 71275 72469 73308 74306 75334 76244 77030 77812 78128 78590 79338 80457 80876 81017 80722 81184 81633 81540 81979 81829 81760 82017 82098 82150 82479 82084 82449 82552 82956 83173 83384 84048 84641 84976 85348 85575 86100 86060 86314 86730 86820 86943 86998 87103 87198 87184 87425 87683 87766 88024 87875 87990 88051 88325 88589 88802 88806 88882 88877 88937 88971 89238 89277 89384 89593 89685 89722 89999 89955 89960 89924 89772 89664 89470 89482 89644 89740 88272 86964 88412 89415
"64" 63 62660 62193 63240 62715 63866 65941 66936 67702 68759 70003 69769 71010 71882 72899 73905 74835 75634 76418 76762 77255 78019 79187 79635 79785 79459 79938 80361 80267 80769 80561 80387 80757 80902 80946 81305 80904 81303 81418 81842 82090 82287 82975 83599 83921 84315 84549 85100 85035 85293 85691 85767 85911 85968 86081 86177 86169 86448 86704 86817 87074 86912 87053 87095 87376 87648 87892 87904 87987 87993 88081 88116 88412 88447 88581 88825 88922 88977 89272 89227 89251 89215 89048 88931 88736 88750 88911 89002 87432 86060 87585 88645
"65" 64 60973 60503 61569 61000 62190 64300 65275 66050 67156 68415 68170 69470 70378 71421 72402 73347 74151 74932 75293 75821 76597 77805 78269 78445 78094 78593 79016 78915 79494 79284 79046 79375 79609 79708 80080 79667 80105 80231 80668 80953 81157 81848 82505 82823 83224 83463 84035 83965 84237 84621 84677 84826 84888 85018 85119 85099 85401 85672 85795 86070 85900 86056 86097 86374 86640 86904 86923 87021 87038 87148 87186 87520 87560 87717 87986 88086 88169 88482 88438 88478 88444 88281 88155 87954 87966 88135 88222 86541 85098 86707 87830
"66" 65 59224 58748 59795 59170 60397 62541 63507 64289 65443 66723 66466 67835 68781 69865 70822 71780 72581 73359 73723 74275 75062 76321 76778 76979 76616 77150 77567 77438 78073 77875 77662 77963 78129 78308 78766 78311 78797 78926 79399 79688 79930 80661 81336 81659 82064 82300 82885 82800 83105 83484 83538 83677 83722 83879 83989 83968 84276 84561 84698 85000 84821 84994 85030 85309 85571 85826 85851 85973 86016 86139 86185 86556 86614 86795 87070 87176 87294 87625 87589 87648 87601 87463 87333 87125 87129 87311 87400 85597 84084 85776 86969
"67" 66 57405 56925 57920 57226 58488 60660 61632 62417 63620 64925 64645 66089 67072 68210 69144 70118 70919 71706 72071 72636 73418 74739 75179 75395 75013 75599 76050 75913 76566 76372 76183 76515 76643 76749 77293 76887 77392 77530 78042 78330 78613 79399 80128 80437 80842 81076 81674 81539 81862 82266 82318 82449 82481 82624 82756 82751 83087 83358 83515 83841 83654 83850 83887 84170 84440 84660 84693 84839 84916 85063 85124 85517 85598 85813 86091 86202 86346 86695 86682 86750 86699 86576 86451 86251 86246 86430 86532 84596 83026 84790 86049
"68" 67 55496 55019 55944 55177 56470 58663 59649 60437 61693 63021 62707 64223 65239 66435 67346 68339 69153 69970 70349 70923 71683 73058 73475 73707 73290 73919 74454 74313 75013 74773 74605 74986 75144 75198 75677 75320 75930 76069 76615 76871 77211 78040 78833 79163 79558 79778 80406 80202 80530 80955 81027 81146 81189 81297 81427 81454 81823 82088 82249 82577 82406 82612 82668 82952 83236 83448 83473 83616 83721 83895 83980 84395 84498 84754 85050 85156 85327 85687 85699 85785 85737 85614 85495 85308 85314 85494 85606 83536 81915 83757 85076
"69" 68 53475 53009 53870 53032 54356 56560 57557 58346 59665 61015 60657 62237 63283 64533 65415 66433 67265 68122 68526 69118 69855 71274 71658 71908 71460 72117 72700 72575 73316 73068 72893 73334 73518 73596 74056 73564 74284 74509 75078 75306 75699 76572 77416 77788 78202 78405 79049 78796 79125 79538 79616 79747 79799 79896 80022 80047 80445 80728 80901 81211 81032 81262 81336 81633 81940 82166 82176 82308 82440 82636 82744 83199 83314 83607 83934 84037 84234 84602 84629 84727 84699 84580 84466 84286 84303 84497 84619 82408 80743 82671 84046
"70" 69 51322 50875 51696 50803 52163 54363 55355 56131 57528 58904 58498 60136 61211 62498 63343 64391 65243 66137 66574 67190 67918 69390 69739 69995 69530 70216 70837 70767 71532 71290 71109 71576 71779 71890 72390 71818 72469 72786 73438 73625 74079 74990 75895 76282 76733 76966 77604 77312 77648 78050 78106 78240 78310 78412 78552 78563 78963 79288 79470 79782 79562 79798 79894 80206 80541 80782 80763 80911 81066 81285 81422 81926 82044 82374 82723 82824 83072 83435 83470 83574 83554 83470 83354 83185 83197 83429 83560 81213 79498 81509 82948
"71" 70 49022 48601 49426 48496 49900 52086 53045 53780 55256 56657 56206 57904 59020 60326 61118 62200 63076 64003 64484 65124 65848 67383 67717 67962 67471 68189 68808 68778 69623 69390 69177 69687 69881 70014 70564 69996 70636 70890 71598 71801 72276 73237 74181 74578 75079 75347 76025 75685 76060 76481 76493 76618 76708 76831 76999 77006 77410 77748 77950 78271 78029 78242 78346 78684 79043 79295 79266 79422 79592 79815 79985 80539 80674 81032 81411 81507 81809 82179 82213 82336 82306 82257 82143 81999 82004 82263 82409 79931 78173 80257 81781
"72" 71 46588 46192 47058 46110 47567 49728 50628 51291 52837 54248 53750 55511 56690 58007 58736 59847 60746 61698 62232 62895 63618 65218 65560 65795 65269 65997 66693 66664 67579 67403 67165 67718 67917 68017 68610 68060 68741 68977 69587 69816 70367 71346 72344 72741 73296 73592 74314 73956 74356 74780 74790 74887 74983 75114 75321 75343 75768 76098 76307 76635 76390 76597 76689 77029 77414 77668 77665 77829 78014 78247 78436 79040 79185 79584 80011 80103 80437 80820 80873 80997 80967 80926 80828 80722 80728 80992 81150 78532 76757 78926 80531
"73" 72 44054 43673 44593 43634 45148 47280 48103 48681 50288 51689 51130 52951 54203 55534 56204 57340 58249 59206 59787 60475 61207 62878 63245 63489 62943 63665 64475 64398 65347 65210 65031 65619 65820 65902 66505 65950 66673 66938 67540 67660 68278 69331 70376 70818 71415 71717 72477 72107 72527 72943 72972 73060 73136 73247 73475 73536 73982 74347 74548 74861 74614 74840 74921 75246 75638 75888 75912 76111 76329 76574 76791 77423 77587 78036 78490 78581 78969 79354 79431 79569 79535 79495 79387 79328 79344 79619 79786 77012 75236 77504 79183
"74" 73 41457 41080 42040 41055 42622 44727 45473 45970 47635 49011 48367 50234 51550 52895 53520 54689 55606 56554 57166 57869 58620 60371 60765 61040 60503 61226 62063 61971 62907 62756 62644 63331 63548 63585 64263 63641 64394 64697 65369 65434 65983 67115 68268 68731 69389 69697 70506 70095 70550 70979 70972 71092 71167 71247 71481 71554 72038 72462 72665 72970 72692 72959 73038 73368 73754 73987 74039 74266 74515 74782 75025 75694 75868 76365 76847 76930 77393 77782 77871 78050 78004 77971 77834 77802 77830 78136 78312 75386 73605 75959 77731
"75" 74 38836 38446 39413 38371 39972 42052 42737 43177 44901 46248 45494 47380 48731 50086 50670 51883 52830 53771 54398 55102 55866 57696 58107 58426 57916 58654 59490 59437 60401 60186 60053 60864 61177 61148 61879 61231 61948 62288 63027 63072 63669 64750 65991 66534 67215 67569 68431 67993 68483 68923 68880 69013 69092 69179 69416 69466 69994 70467 70657 70982 70676 70964 71061 71393 71796 71995 72048 72307 72566 72858 73141 73849 74026 74557 75088 75161 75673 76095 76189 76402 76348 76346 76192 76156 76189 76520 76732 73624 71860 74274 76156
"76" 75 36236 35840 36774 35639 37229 39256 39887 40319 42117 43444 42563 44436 45769 47122 47661 48911 49909 50869 51504 52203 52969 54858 55254 55635 55158 55913 56690 56640 57712 57478 57262 58172 58551 58562 59308 58620 59351 59691 60476 60483 61189 62313 63526 64146 64912 65240 66203 65743 66306 66753 66692 66842 66886 67005 67276 67286 67846 68358 68563 68875 68564 68880 68958 69317 69739 69921 69937 70194 70502 70775 71113 71868 72067 72627 73173 73251 73806 74261 74375 74611 74563 74589 74426 74394 74420 74753 75017 71707 69978 72465 74444
"77" 76 33645 33258 34133 32888 34437 36385 36955 37403 39283 40620 39617 41461 42728 44066 44547 45813 46864 47856 48500 49207 49975 51898 52228 52675 52238 53003 53761 53717 54831 54626 54386 55328 55685 55762 56608 55870 56646 56978 57769 57774 58526 59740 61049 61611 62451 62813 63827 63350 63961 64431 64364 64510 64551 64676 64980 64989 65550 66095 66331 66662 66313 66664 66726 67080 67537 67727 67720 67941 68283 68571 68931 69754 69979 70568 71123 71199 71818 72285 72416 72676 72643 72684 72518 72525 72532 72857 73144 69639 67942 70509 72597
"78" 77 31029 30652 31450 30101 31616 33498 34003 34445 36377 37743 36655 38484 39668 40982 41392 42647 43735 44739 45375 46114 46896 48848 49082 49569 49174 49950 50829 50787 51871 51657 51465 52447 52724 52770 53764 53052 53855 54184 55003 54995 55754 57049 58470 59070 59882 60281 61377 60833 61504 61975 61931 62052 62089 62237 62523 62555 63144 63688 63956 64334 63940 64285 64376 64706 65162 65363 65354 65576 65914 66223 66606 67486 67731 68363 68946 69009 69696 70168 70300 70578 70567 70640 70460 70516 70518 70843 71136 67407 65744 68382 70600
"79" 78 28396 28030 28752 27312 28797 30627 31062 31464 33399 34780 33638 35494 36620 37908 38235 39455 40559 41552 42167 42945 43745 45733 45871 46357 45980 46756 47738 47711 48778 48510 48340 49416 49674 49631 50684 50008 50903 51257 52093 52106 52844 54241 55734 56405 57322 57644 58814 58268 58939 59407 59355 59479 59490 59664 59967 59983 60615 61189 61484 61890 61439 61798 61890 62218 62647 62839 62809 63049 63418 63719 64132 65077 65300 65999 66626 66664 67421 67884 68036 68335 68329 68447 68250 68338 68344 68694 68995 65015 63386 66075 68438
"80" 79 25759 25402 26070 24562 26016 27794 28145 28469 30364 31736 30538 32449 33592 34881 35117 36280 37372 38323 38915 39737 40530 42557 42635 43076 42692 43432 44391 44428 45570 45213 45030 46174 46481 46418 47434 46700 47701 48182 49025 49056 49828 51286 52860 53560 54598 54980 56087 55524 56278 56685 56614 56748 56765 56949 57278 57282 57928 58574 58888 59320 58804 59176 59268 59575 60010 60198 60085 60353 60748 61082 61503 62517 62718 63469 64141 64175 64995 65453 65611 65928 65927 66074 65877 66003 65997 66386 66695 62462 60884 63596 66081
"81" 80 23179 22829 23480 21941 23366 25081 25347 25601 27437 28767 27489 29407 30601 31922 32087 33194 34265 35159 35707 36563 37302 39345 39429 39804 39382 40040 40961 40992 42217 41852 41644 42827 43139 43096 44133 43314 44370 44986 45847 45844 46640 48175 49787 50527 51592 52079 53164 52453 53360 53793 53700 53841 53858 54067 54383 54377 55078 55744 56087 56564 55974 56332 56431 56723 57155 57346 57146 57414 57857 58203 58651 59742 59912 60724 61435 61484 62363 62817 62962 63290 63314 63496 63312 63487 63479 63899 64211 59730 58229 60951 63513
"82" 81 20682 20337 21000 19465 20861 22505 22679 22872 24649 25927 24574 26433 27646 28991 29118 30187 31229 32051 32570 33442 34079 36110 36214 36528 36093 36638 37633 37634 38809 38506 38280 39508 39798 39738 40816 40020 41075 41750 42606 42597 43370 44937 46623 47366 48465 48936 50068 49259 50161 50686 50658 50796 50772 51009 51326 51286 52051 52735 53079 53600 52954 53297 53390 53672 54099 54245 54027 54275 54738 55104 55581 56731 56875 57757 58508 58555 59517 59956 60067 60439 60475 60699 60563 60790 60795 61229 61545 56815 55423 58140 60767
"83" 82 18267 17919 18596 17084 18444 20009 20077 20182 21885 23130 21757 23541 24746 26059 26143 27199 28205 28916 29420 30342 30851 32851 32932 33180 32796 33276 34305 34317 35434 35068 34895 36171 36441 36367 37463 36700 37747 38475 39293 39313 40077 41632 43361 44093 45255 45665 46840 45985 46883 47387 47423 47660 47566 47807 48149 48076 48878 49603 49946 50460 49778 50137 50202 50487 50900 51000 50750 51025 51460 51804 52358 53530 53688 54606 55378 55437 56472 56911 56986 57388 57453 57701 57580 57888 57926 58371 58692 53721 52465 55176 57853
"84" 83 15965 15615 16293 14813 16118 17595 17563 17578 19184 20393 19060 20783 21964 23179 23181 24213 25211 25820 26260 27236 27666 29624 29609 29806 29455 29950 30863 30884 31982 31541 31376 32725 32956 32897 34019 33250 34308 35096 35894 35916 36650 38218 39952 40650 41906 42286 43466 42594 43539 44020 43976 44315 44268 44471 44845 44733 45566 46333 46694 47208 46449 46829 46897 47154 47557 47635 47321 47614 48056 48334 48931 50187 50333 51295 52071 52124 53236 53681 53744 54153 54225 54535 54365 54769 54831 55322 55635 50463 49351 52030 54770
"85" 84 13802 13462 14114 12674 13899 15280 15160 15105 16609 17757 16491 18169 19337 20413 20296 21252 22238 22805 23156 24114 24513 26489 26260 26477 26119 26620 27444 27451 28528 28075 27879 29206 29450 29438 30545 29777 30818 31688 32445 32485 33148 34681 36496 37135 38415 38816 39977 39119 40111 40602 40500 40805 40803 41084 41452 41279 42149 42953 43337 43857 43048 43390 43476 43695 44104 44135 43787 44069 44498 44773 45362 46651 46824 47834 48627 48645 49832 50265 50330 50760 50814 51167 50978 51462 51496 52067 52403 47046 46098 48695 51500
"86" 85 11798 11483 12079 10688 11812 13089 12903 12804 14214 15286 14085 15698 16850 17790 17565 18391 19319 19878 20165 21055 21404 23423 22959 23236 22866 23346 24124 24106 25161 24655 24477 25752 25975 26023 27121 26355 27367 28295 28971 29091 29666 31127 33027 33631 34897 35289 36448 35599 36598 37142 37014 37280 37193 37594 38011 37764 38673 39489 39912 40406 39575 39880 39951 40143 40564 40526 40163 40407 40812 41098 41701 42975 43131 44233 45031 45027 46266 46648 46750 47189 47227 47625 47414 47955 47977 48581 48984 43448 42714 45194 48031
"87" 86 9964 9687 10202 8876 9884 11054 10823 10699 12020 13011 11880 13383 14482 15300 15030 15721 16542 17072 17366 18172 18453 20382 19867 20113 19754 20225 20944 20941 21885 21375 21219 22471 22632 22685 23770 23063 24015 24979 25551 25723 26257 27645 29575 30099 31426 31748 32899 32053 33041 33637 33473 33737 33607 33997 34451 34245 35180 35961 36424 36900 36014 36321 36363 36529 36929 36868 36451 36670 37057 37333 37912 39252 39323 40469 41302 41269 42559 42887 43012 43463 43499 43969 43702 44279 44314 44908 45361 39700 39198 41562 44415
"88" 87 8301 8070 8489 7251 8139 9201 8941 8804 10026 10929 9880 11251 12246 12932 12684 13289 13999 14461 14778 15512 15730 17513 17005 17210 16824 17285 17934 17940 18750 18302 18139 19318 19478 19510 20523 19891 20795 21791 22271 22412 22951 24279 26201 26584 27982 28276 29372 28528 29514 30122 29939 30206 30072 30440 30827 30657 31677 32415 32884 33375 32431 32746 32731 32897 33231 33158 32702 32903 33257 33514 34066 35439 35487 36617 37450 37437 38739 39058 39153 39611 39659 40172 39868 40491 40492 41101 41582 35895 35601 37826 40687
"89" 88 6812 6625 6950 5817 6593 7551 7275 7128 8237 9038 8076 9314 10183 10720 10508 11083 11731 12122 12427 13101 13267 14903 14360 14574 14160 14540 15150 15119 15875 15451 15263 16369 16542 16558 17513 16869 17765 18774 19183 19292 19760 21038 22951 23237 24618 24899 25989 25132 26058 26702 26497 26754 26607 26997 27295 27062 28145 28934 29347 29863 28875 29176 29124 29274 29579 29460 28956 29160 29455 29703 30222 31593 31600 32761 33544 33502 34872 35167 35223 35662 35705 36297 35934 36606 36580 37162 37709 32074 32017 34019 36831
"90" 89 5504 5352 5592 4581 5254 6113 5836 5679 6662 7352 6470 7575 8328 8736 8535 9075 9710 10077 10324 10909 11086 12499 11970 12158 11769 12044 12607 12554 13287 12834 12664 13672 13844 13863 14744 14097 14943 15982 16319 16382 16746 17940 19836 20063 21379 21622 22716 21874 22736 23391 23163 23405 23234 23635 23890 23596 24652 25482 25881 26400 25355 25658 25575 25719 25999 25852 25263 25481 25723 25942 26418 27789 27728 28888 29675 29556 30975 31242 31249 31668 31721 32402 31972 32668 32649 33149 33743 28226 28463 30233 32933
"91" 90 4379 4251 4425 3544 4125 4887 4621 4458 5308 5888 5074 6047 6700 7032 6830 7296 7894 8273 8364 8876 9060 10296 9771 9925 9574 9810 10281 10216 10877 10469 10313 11211 11343 11399 12175 11580 12356 13350 13656 13686 13952 15082 16870 17023 18287 18483 19539 18700 19568 20219 19950 20181 19985 20358 20620 20276 21309 22074 22499 23050 21943 22243 22125 22271 22480 22334 21725 21898 22122 22310 22734 24076 23942 25070 25854 25711 27125 27300 27303 27682 27771 28474 28002 28735 28696 29145 29737 24408 24914 26511 29103
"92" 91 3435 3319 3451 2699 3198 3865 3613 3451 4174 4656 3899 4743 5305 5607 5411 5788 6290 6645 6661 7099 7264 8373 7873 7984 7671 7868 8286 8185 8730 8442 8267 9044 9177 9208 9918 9364 10054 10963 11223 11259 11473 12507 14141 14229 15395 15565 16578 15723 16567 17259 16946 17153 16949 17277 17498 17163 18148 18866 19238 19827 18743 18993 18855 18962 19126 18984 18343 18491 18707 18843 19235 20510 20313 21382 22127 21968 23414 23479 23442 23829 23916 24590 24101 24846 24781 25202 25810 20734 21433 22867 25336
"93" 92 2659 2550 2656 2028 2454 3028 2792 2635 3246 3648 2946 3665 4139 4430 4243 4545 4930 5193 5264 5596 5758 6725 6323 6377 6072 6219 6585 6465 6939 6687 6518 7205 7329 7328 7955 7448 8043 8893 9079 9099 9291 10200 11682 11708 12759 12899 13885 13034 13794 14507 14169 14352 14129 14433 14592 14281 15196 15884 16182 16732 15721 15959 15808 15849 15996 15862 15174 15297 15529 15599 15942 17162 16910 17893 18587 18403 19844 19868 19762 20151 20240 20853 20378 21097 20999 21418 22012 17281 18106 19345 21655
"94" 93 2036 1934 2022 1507 1868 2353 2133 1986 2498 2841 2201 2805 3191 3470 3288 3525 3812 3965 4082 4342 4441 5272 4953 4990 4703 4813 5094 4965 5418 5175 4999 5636 5717 5711 6239 5786 6317 7062 7174 7238 7339 8143 9460 9436 10406 10479 11415 10617 11287 11967 11600 11793 11532 11824 11958 11654 12493 13107 13380 13874 12890 13135 13002 13013 13102 12974 12333 12391 12606 12642 12916 14059 13788 14670 15319 15105 16463 16468 16357 16721 16769 17361 16878 17583 17447 17857 18412 14068 14994 16031 18149
"95" 94 1545 1451 1529 1109 1413 1817 1612 1477 1903 2198 1631 2139 2443 2696 2514 2690 2902 2974 3081 3334 3367 4032 3763 3819 3577 3645 3854 3748 4149 3936 3763 4299 4369 4340 4786 4411 4847 5489 5531 5641 5681 6360 7520 7451 8333 8367 9186 8476 9082 9693 9316 9510 9232 9503 9596 9319 10070 10611 10837 11292 10354 10582 10450 10492 10500 10380 9803 9830 9991 9995 10239 11242 11003 11783 12354 12124 13365 13358 13250 13585 13587 14131 13691 14344 14189 14555 15063 11175 12135 13000 14900
"96" 95 1155 1075 1136 798 1044 1373 1190 1073 1419 1662 1188 1606 1843 2045 1880 2003 2166 2201 2266 2502 2516 3031 2806 2861 2660 2703 2859 2784 3115 2916 2779 3195 3261 3224 3595 3297 3637 4184 4196 4286 4314 4865 5877 5767 6544 6556 7260 6632 7181 7712 7360 7519 7255 7498 7540 7301 7963 8441 8608 9015 8162 8366 8220 8274 8250 8134 7600 7623 7753 7726 7935 8802 8574 9256 9738 9502 10635 10594 10496 10763 10785 11236 10866 11442 11266 11587 12042 8661 9602 10292 11976
"97" 96 847 781 821 556 745 1003 851 756 1026 1215 841 1172 1356 1500 1365 1452 1580 1605 1651 1830 1840 2251 2052 2097 1927 1964 2083 2016 2277 2112 1997 2328 2380 2350 2647 2404 2675 3135 3126 3197 3205 3648 4502 4373 5038 5033 5636 5093 5562 6025 5699 5828 5593 5796 5815 5603 6163 6577 6713 7071 6306 6483 6339 6378 6345 6239 5764 5776 5874 5839 5992 6740 6516 7095 7499 7273 8279 8214 8113 8339 8354 8757 8405 8912 8732 8997 9413 6530 7434 7957 9412
"98" 97 609 558 581 379 520 719 596 521 728 872 582 838 978 1077 970 1029 1128 1145 1177 1308 1316 1636 1467 1502 1364 1393 1483 1424 1626 1493 1399 1655 1695 1672 1904 1710 1920 2297 2275 2329 2324 2672 3374 3240 3793 3778 4282 3824 4215 4610 4316 4418 4215 4379 4382 4199 4660 5011 5118 5425 4758 4908 4772 4799 4762 4668 4259 4264 4334 4297 4403 5029 4820 5297 5626 5418 6285 6206 6109 6295 6303 6652 6329 6762 6588 6801 7167 4783 5610 5992 7216
"99" 98 430 390 403 252 356 506 409 351 506 612 394 587 692 758 674 713 787 798 820 914 920 1163 1024 1052 941 965 1030 982 1133 1029 955 1148 1177 1159 1335 1185 1344 1644 1615 1656 1644 1909 2471 2342 2790 2769 3180 2804 3122 3449 3193 3271 3101 3230 3222 3069 3439 3727 3810 4066 3501 3626 3503 3521 3483 3403 3062 3061 3110 3074 3143 3651 3465 3846 4106 3923 4645 4562 4473 4622 4625 4917 4633 4990 4830 4995 5307 3398 4121 4388 5388
"100" 99 298 268 274 164 238 349 274 231 344 421 261 403 479 521 458 483 537 543 558 624 628 808 697 718 634 652 698 659 770 691 635 775 796 783 913 800 917 1148 1118 1148 1132 1330 1767 1651 2003 1980 2307 2006 2258 2522 2305 2363 2224 2323 2309 2185 2473 2704 2765 2973 2510 2609 2503 2514 2478 2414 2139 2135 2168 2135 2177 2575 2418 2711 2911 2756 3338 3258 3180 3295 3295 3530 3291 3576 3435 3559 3816 2338 2942 3120 3911
"101" 100 203 180 182 104 156 235 180 148 229 284 168 271 324 350 304 319 357 361 370 415 418 548 463 479 416 429 460 431 510 452 410 510 524 515 608 526 609 781 754 775 759 902 1232 1132 1402 1380 1632 1398 1592 1799 1622 1664 1554 1628 1610 1514 1732 1910 1955 2119 1750 1828 1740 1746 1714 1664 1450 1445 1466 1437 1462 1763 1635 1854 2001 1877 2328 2257 2192 2278 2276 2459 2265 2484 2366 2456 2659 1556 2038 2151 2757
"102" 101 135 119 119 65 100 155 115 93 149 187 106 178 215 230 197 206 232 234 240 269 272 363 300 311 265 275 296 274 329 287 258 326 336 329 394 336 393 518 495 509 495 595 837 756 956 936 1125 949 1094 1252 1111 1141 1056 1110 1092 1019 1179 1313 1344 1470 1186 1244 1175 1178 1151 1113 953 948 961 938 950 1169 1071 1227 1333 1237 1574 1515 1464 1525 1523 1659 1508 1671 1577 1639 1794 1000 1369 1436 1884
"103" 102 88 77 75 39 62 100 72 57 95 120 65 114 139 148 125 129 147 148 151 170 172 234 189 197 165 171 185 170 206 178 157 203 209 205 248 208 247 335 316 325 314 381 554 490 634 618 755 626 731 848 741 761 698 736 720 667 780 878 898 991 780 823 770 771 750 722 607 602 609 592 597 751 678 786 859 788 1031 984 945 988 985 1084 971 1087 1015 1057 1170 621 890 928 1247
"104" 103 56 48 47 23 38 64 44 34 59 76 39 72 88 92 77 79 91 91 93 105 106 147 116 121 100 104 113 102 126 107 93 123 127 124 152 126 151 210 196 202 193 238 357 309 409 396 493 402 476 560 480 493 448 474 461 423 501 570 583 650 498 528 489 490 473 454 374 370 374 361 363 467 415 487 536 485 654 618 590 618 616 684 604 683 631 658 737 372 560 579 799
"105" 104 35 30 29 13 23 39 26 20 36 47 23 44 54 57 46 47 55 55 56 63 64 90 69 73 59 61 67 60 75 62 54 72 75 73 91 74 89 129 118 122 116 144 223 189 257 247 313 251 301 359 302 310 279 296 286 260 312 359 367 413 308 329 301 301 290 276 223 220 222 213 213 280 245 292 323 288 401 375 356 374 372 417 363 414 378 395 448 214 341 349 494
"106" 105 22 18 17 7 13 24 15 11 21 28 13 26 33 34 27 28 32 32 33 37 37 54 40 42 34 35 38 34 43 35 30 41 43 41 52 42 51 76 69 72 67 85 136 112 156 149 193 152 185 224 185 190 169 180 172 155 188 219 224 255 185 198 180 179 171 163 129 127 127 122 121 163 140 169 188 165 237 220 207 218 217 246 210 243 219 229 263 119 201 203 296
"107" 106 13 11 10 4 7 14 9 6 12 16 7 15 19 20 16 16 18 18 19 21 21 31 23 24 19 20 21 19 24 20 16 23 24 23 29 23 29 44 39 41 38 48 80 65 93 88 116 89 110 136 110 113 99 106 100 90 110 130 133 153 107 116 104 104 98 93 72 70 71 67 66 92 77 94 106 92 136 124 116 123 122 140 117 137 122 128 149 64 114 114 171
"108" 107 8 6 6 2 4 8 5 3 7 9 4 9 11 11 9 9 10 10 10 12 12 18 13 13 10 11 12 10 13 10 9 12 13 12 16 12 16 25 22 23 21 27 46 36 53 50 67 51 64 80 63 65 56 60 57 50 63 75 76 89 60 66 58 58 55 51 39 38 38 36 35 50 41 51 57 49 75 68 63 67 66 77 63 75 66 69 81 33 63 62 95
"109" 108 4 4 3 1 2 5 3 2 4 5 2 5 6 6 5 5 6 5 6 6 6 10 7 7 5 6 6 5 7 5 4 6 7 6 9 6 8 14 12 12 11 14 26 20 30 28 38 28 36 46 35 36 31 33 31 27 34 42 42 50 33 36 31 31 29 27 20 20 20 18 18 26 21 27 30 25 40 36 33 35 35 41 33 39 34 36 43 17 33 33 51
"110" 109 2 2 2 1 1 3 1 1 2 3 1 3 3 3 2 2 3 3 3 3 3 5 3 4 3 3 3 3 4 3 2 3 3 3 4 3 4 7 6 6 6 8 14 10 16 15 21 15 20 25 19 20 17 18 17 14 18 23 23 27 17 19 17 16 15 14 10 10 10 9 9 13 11 13 15 13 21 18 17 18 18 21 17 20 17 18 22 8 17 17 27
"111" 110 3 2 2 1 1 3 1 1 2 3 1 3 4 4 3 3 3 3 3 3 3 6 4 4 3 3 3 3 4 3 2 3 3 3 4 3 4 8 6 6 6 8 15 11 18 16 23 16 22 29 21 21 18 19 17 15 19 24 25 30 18 20 17 17 15 14 10 9 9 9 8 13 10 13 15 12 20 18 16 17 17 20 15 19 16 17 21 7 17 16 27
