"Age" "Lx.1933" "Lx.1934" "Lx.1935" "Lx.1936" "Lx.1937" "Lx.1938" "Lx.1939" "Lx.1940" "Lx.1941" "Lx.1942" "Lx.1943" "Lx.1944" "Lx.1945" "Lx.1946" "Lx.1947" "Lx.1948" "Lx.1949" "Lx.1950" "Lx.1951" "Lx.1952" "Lx.1953" "Lx.1954" "Lx.1955" "Lx.1956" "Lx.1957" "Lx.1958" "Lx.1959" "Lx.1960" "Lx.1961" "Lx.1962" "Lx.1963" "Lx.1964" "Lx.1965" "Lx.1966" "Lx.1967" "Lx.1968" "Lx.1969" "Lx.1970" "Lx.1971" "Lx.1972" "Lx.1973" "Lx.1974" "Lx.1975" "Lx.1976" "Lx.1977" "Lx.1978" "Lx.1979" "Lx.1980" "Lx.1981" "Lx.1982" "Lx.1983" "Lx.1984" "Lx.1985" "Lx.1986" "Lx.1987" "Lx.1988" "Lx.1989" "Lx.1990" "Lx.1991" "Lx.1992" "Lx.1993" "Lx.1994" "Lx.1995" "Lx.1996" "Lx.1997" "Lx.1998" "Lx.1999" "Lx.2000" "Lx.2001" "Lx.2002" "Lx.2003" "Lx.2004" "Lx.2005" "Lx.2006" "Lx.2007" "Lx.2008" "Lx.2009" "Lx.2010" "Lx.2011" "Lx.2012" "Lx.2013" "Lx.2014" "Lx.2015" "Lx.2016" "Lx.2017" "Lx.2018" "Lx.2019" "Lx.2020" "Lx.2021" "Lx.2022" "Lx.2023"
"1" 0 95139 94765 95092 95049 95130 95310 95567 95532 95637 95887 96085 96178 96280 96164 96705 96761 96771 96962 96977 97006 97109 97228 97292 97319 97325 97335 97381 97401 97495 97502 97511 97547 97611 97674 97771 97785 97852 97909 98115 98211 98272 98323 98436 98523 98605 98669 98718 98765 98852 98881 98933 98949 98942 98985 99007 99013 99013 99062 99105 99165 99181 99218 99261 99284 99293 99296 99308 99319 99344 99333 99327 99339 99329 99336 99336 99360 99380 99418 99434 99438 99441 99454 99451 99453 99462 99471 99479 99508 99491 99478 99491
"2" 1 93047 92236 92982 92893 93084 93450 93981 93946 94142 94605 94913 95089 95271 95109 95932 96023 96042 96310 96333 96373 96520 96690 96778 96818 96825 96841 96903 96927 97055 97068 97075 97127 97209 97286 97415 97434 97521 97595 97826 97930 97994 98056 98178 98276 98365 98435 98494 98541 98643 98675 98735 98755 98747 98797 98822 98827 98828 98885 98934 99006 99022 99066 99115 99144 99154 99159 99174 99186 99214 99203 99197 99211 99199 99210 99208 99234 99260 99304 99322 99328 99330 99348 99342 99345 99355 99367 99375 99409 99389 99371 99386
"3" 2 92364 91483 92333 92240 92475 92888 93519 93522 93735 94265 94553 94771 94994 94855 95704 95812 95841 96118 96140 96179 96341 96527 96621 96668 96671 96691 96757 96778 96916 96934 96935 96992 97078 97151 97291 97310 97403 97483 97717 97820 97886 97955 98082 98181 98270 98340 98408 98452 98558 98595 98656 98681 98673 98724 98751 98756 98760 98819 98869 98945 98961 99006 99057 99091 99104 99111 99125 99139 99168 99159 99153 99169 99154 99170 99166 99192 99221 99265 99285 99291 99293 99315 99306 99310 99320 99331 99341 99376 99355 99331 99346
"4" 3 91995 91089 91977 91891 92146 92589 93264 93295 93515 94065 94340 94575 94821 94697 95556 95669 95708 95997 96015 96050 96223 96419 96517 96568 96572 96588 96659 96676 96821 96841 96840 96898 96987 97060 97201 97222 97317 97398 97636 97738 97806 97880 98012 98110 98200 98269 98342 98387 98498 98538 98598 98630 98620 98670 98697 98703 98711 98772 98822 98901 98914 98962 99016 99052 99068 99077 99089 99106 99134 99127 99120 99140 99123 99141 99138 99163 99193 99238 99258 99264 99268 99290 99281 99285 99295 99305 99319 99353 99330 99303 99317
"5" 4 91725 90810 91716 91642 91906 92371 93073 93131 93356 93912 94181 94427 94680 94571 95445 95556 95603 95903 95919 95952 96129 96336 96437 96489 96495 96509 96581 96595 96745 96769 96766 96823 96913 96988 97129 97152 97247 97328 97569 97673 97740 97817 97955 98052 98147 98214 98288 98335 98449 98492 98551 98590 98578 98627 98654 98663 98671 98736 98785 98866 98878 98927 98985 99020 99039 99051 99063 99081 99108 99102 99094 99117 99101 99120 99116 99141 99172 99217 99238 99243 99248 99271 99261 99265 99276 99286 99302 99335 99311 99282 99297
"6" 5 91513 90589 91507 91441 91710 92197 92916 92990 93225 93785 94051 94304 94555 94461 95350 95463 95513 95824 95827 95870 96052 96266 96371 96422 96428 96444 96513 96528 96682 96709 96705 96759 96850 96924 97068 97089 97186 97268 97508 97619 97681 97765 97904 98003 98101 98167 98242 98294 98407 98455 98513 98556 98544 98593 98619 98628 98639 98705 98753 98838 98850 98899 98958 98994 99016 99028 99040 99060 99086 99081 99074 99098 99082 99100 99097 99124 99156 99201 99221 99226 99232 99254 99245 99250 99261 99270 99288 99320 99295 99264 99279
"7" 6 91331 90401 91324 91264 91541 92047 92779 92862 93106 93672 93932 94190 94441 94359 95260 95380 95433 95752 95740 95793 95987 96203 96309 96359 96366 96385 96451 96468 96624 96653 96649 96704 96795 96867 97013 97031 97131 97213 97454 97569 97630 97718 97859 97958 98056 98124 98201 98257 98370 98421 98480 98524 98513 98563 98586 98598 98612 98677 98726 98813 98825 98875 98936 98970 98994 99007 99020 99040 99068 99063 99055 99080 99065 99083 99081 99109 99142 99188 99206 99214 99218 99241 99231 99236 99247 99257 99274 99306 99280 99248 99264
"8" 7 91165 90231 91156 91100 91388 91910 92658 92744 92994 93566 93820 94080 94338 94263 95176 95299 95358 95685 95671 95718 95924 96148 96252 96302 96308 96330 96395 96411 96571 96602 96596 96653 96745 96816 96964 96980 97080 97164 97406 97520 97582 97673 97817 97917 98017 98085 98164 98221 98335 98387 98449 98494 98485 98535 98557 98571 98586 98652 98703 98791 98801 98853 98915 98948 98975 98987 99002 99023 99052 99047 99039 99064 99050 99069 99066 99096 99129 99176 99194 99201 99205 99228 99218 99223 99235 99245 99262 99295 99266 99235 99251
"9" 8 91012 90076 91001 90948 91248 91784 92547 92636 92888 93465 93715 93973 94243 94173 95099 95222 95283 95620 95614 95653 95860 96092 96200 96251 96254 96278 96344 96359 96524 96555 96550 96605 96699 96769 96919 96932 97033 97118 97361 97476 97537 97632 97779 97881 97981 98050 98131 98186 98303 98356 98419 98465 98459 98509 98529 98544 98559 98627 98680 98768 98778 98832 98893 98928 98956 98969 98984 99007 99037 99031 99024 99048 99035 99054 99052 99082 99116 99163 99181 99188 99193 99216 99206 99210 99223 99234 99250 99284 99254 99223 99239
"10" 9 90870 89932 90856 90806 91120 91667 92442 92535 92789 93370 93613 93870 94151 94087 95027 95150 95211 95555 95563 95597 95802 96035 96146 96204 96204 96230 96294 96312 96480 96511 96506 96560 96655 96726 96877 96888 96987 97075 97318 97435 97496 97593 97744 97846 97946 98017 98099 98154 98272 98326 98392 98439 98432 98484 98502 98518 98531 98604 98658 98745 98757 98811 98871 98909 98938 98952 98967 98991 99021 99015 99009 99033 99020 99040 99038 99069 99103 99151 99169 99177 99180 99203 99194 99197 99211 99222 99239 99273 99243 99210 99227
"11" 10 90736 89797 90717 90672 90999 91558 92341 92438 92696 93280 93516 93771 94064 94005 94959 95083 95142 95493 95511 95545 95750 95983 96092 96158 96160 96186 96245 96267 96438 96469 96463 96519 96613 96685 96836 96848 96943 97034 97279 97394 97455 97556 97709 97813 97914 97986 98068 98124 98243 98298 98367 98413 98406 98459 98477 98492 98506 98582 98635 98724 98738 98790 98851 98890 98920 98934 98949 98974 99004 98998 98993 99018 99006 99026 99024 99057 99090 99139 99157 99165 99168 99191 99181 99185 99199 99210 99226 99261 99230 99198 99215
"12" 11 90607 89666 90582 90542 90882 91452 92238 92343 92605 93193 93425 93676 93977 93924 94891 95018 95076 95433 95455 95491 95699 95935 96041 96108 96112 96145 96196 96221 96394 96426 96421 96476 96572 96643 96796 96806 96904 96993 97239 97353 97416 97521 97674 97781 97881 97953 98037 98094 98213 98272 98341 98386 98380 98433 98451 98465 98481 98560 98611 98702 98716 98768 98830 98870 98901 98915 98930 98955 98986 98981 98976 99002 98991 99012 99009 99044 99076 99127 99144 99153 99156 99178 99169 99172 99185 99198 99212 99247 99216 99184 99201
"13" 12 90477 89536 90446 90409 90762 91344 92132 92246 92511 93104 93331 93581 93886 93840 94821 94949 95008 95372 95393 95432 95641 95885 95992 96058 96057 96097 96145 96174 96347 96380 96377 96431 96527 96599 96752 96761 96861 96950 97197 97312 97374 97482 97636 97745 97844 97918 98004 98062 98181 98242 98312 98356 98352 98402 98420 98436 98451 98535 98585 98677 98692 98744 98806 98848 98879 98893 98910 98934 98967 98961 98957 98984 98974 98996 98993 99029 99061 99113 99129 99139 99143 99164 99155 99158 99169 99185 99196 99232 99202 99168 99186
"14" 13 90340 89399 90304 90269 90633 91229 92016 92141 92409 93008 93231 93481 93788 93750 94742 94874 94934 95305 95322 95364 95573 95826 95937 96004 95996 96038 96087 96121 96295 96328 96327 96381 96476 96549 96702 96709 96811 96901 97150 97264 97323 97433 97594 97702 97801 97874 97964 98025 98144 98207 98277 98322 98317 98366 98384 98402 98416 98505 98553 98646 98661 98714 98776 98820 98851 98865 98887 98910 98944 98938 98934 98962 98954 98977 98975 99011 99044 99096 99112 99123 99126 99147 99139 99142 99150 99168 99179 99213 99183 99150 99166
"15" 14 90188 89249 90150 90115 90488 91100 91889 92024 92294 92901 93121 93371 93680 93652 94652 94788 94850 95228 95240 95283 95494 95755 95869 95940 95928 95970 96021 96059 96236 96267 96269 96319 96418 96488 96641 96645 96749 96840 97090 97204 97261 97372 97540 97649 97748 97822 97916 97978 98100 98164 98235 98280 98273 98321 98341 98359 98374 98462 98509 98606 98617 98673 98734 98782 98815 98832 98856 98880 98916 98909 98905 98935 98925 98952 98950 98988 99022 99076 99091 99102 99106 99126 99117 99120 99127 99145 99158 99187 99157 99123 99139
"16" 15 90018 89079 89977 89940 90323 90954 91745 91891 92161 92779 92995 93248 93558 93543 94550 94687 94752 95135 95143 95183 95399 95667 95784 95858 95844 95891 95941 95985 96166 96198 96197 96244 96344 96414 96567 96567 96668 96760 97011 97124 97181 97297 97466 97582 97680 97758 97852 97916 98044 98108 98182 98226 98217 98260 98285 98301 98318 98403 98449 98547 98557 98613 98678 98732 98768 98789 98813 98839 98877 98872 98868 98897 98886 98918 98916 98957 98993 99047 99063 99074 99078 99099 99088 99091 99095 99113 99128 99152 99121 99085 99101
"17" 16 89826 88887 89784 89741 90132 90787 91586 91740 92008 92638 92849 93107 93419 93420 94432 94574 94637 95023 95030 95062 95284 95562 95679 95754 95736 95794 95841 95891 96076 96111 96103 96150 96248 96315 96467 96460 96556 96653 96903 97012 97071 97196 97370 97491 97586 97667 97760 97824 97963 98031 98108 98151 98140 98174 98205 98217 98236 98318 98362 98460 98469 98527 98596 98656 98700 98725 98752 98779 98821 98814 98813 98841 98832 98866 98867 98911 98950 99007 99024 99036 99040 99061 99048 99048 99049 99071 99087 99103 99070 99034 99047
"18" 17 89613 88673 89568 89518 89918 90602 91410 91574 91837 92480 92683 92948 93264 93281 94299 94445 94510 94896 94902 94926 95154 95441 95559 95633 95608 95676 95720 95776 95964 96000 95988 96032 96129 96182 96339 96318 96409 96512 96762 96865 96926 97059 97243 97367 97460 97540 97634 97698 97851 97925 98008 98051 98040 98061 98098 98106 98127 98202 98246 98348 98355 98412 98487 98556 98606 98639 98666 98697 98742 98734 98734 98764 98756 98792 98798 98846 98891 98950 98970 98983 98989 99008 98993 98991 98990 99014 99031 99037 98998 98964 98976
"19" 18 89381 88438 89332 89271 89680 90397 91218 91391 91649 92301 92483 92744 93062 93099 94134 94295 94367 94752 94756 94771 95007 95303 95418 95492 95462 95538 95579 95638 95834 95866 95852 95887 95982 96019 96182 96145 96229 96339 96587 96689 96746 96888 97080 97212 97300 97379 97472 97539 97704 97786 97881 97925 97914 97923 97966 97968 97991 98055 98102 98214 98216 98271 98354 98432 98489 98528 98559 98594 98637 98631 98632 98663 98655 98690 98703 98758 98810 98871 98894 98910 98920 98938 98918 98911 98912 98937 98955 98947 98900 98871 98885
"20" 19 89129 88183 89077 89003 89422 90176 91011 91191 91444 92098 92237 92473 92799 92872 93942 94123 94208 94594 94595 94597 94841 95149 95258 95329 95299 95382 95426 95479 95686 95711 95697 95720 95812 95840 95998 95952 96023 96141 96389 96494 96545 96693 96894 97037 97116 97196 97286 97356 97538 97626 97734 97782 97770 97768 97817 97815 97841 97896 97941 98064 98060 98114 98205 98289 98355 98399 98435 98471 98511 98504 98508 98543 98531 98565 98583 98648 98710 98773 98797 98817 98835 98850 98826 98810 98810 98843 98861 98831 98775 98759 98777
"21" 20 88859 87908 88804 88718 89146 89940 90788 90976 91224 91874 91954 92152 92507 92629 93738 93936 94037 94424 94422 94413 94655 94978 95083 95150 95123 95215 95260 95310 95527 95547 95533 95546 95638 95657 95810 95755 95814 95936 96187 96292 96340 96498 96704 96857 96929 97009 97096 97167 97367 97466 97583 97632 97623 97608 97664 97657 97694 97740 97783 97913 97902 97956 98053 98142 98217 98267 98307 98339 98377 98369 98374 98414 98399 98429 98454 98525 98599 98667 98689 98714 98737 98751 98720 98697 98695 98740 98755 98701 98638 98637 98659
"22" 21 88571 87615 88516 88418 88858 89692 90553 90745 90989 91631 91649 91810 92207 92375 93526 93737 93857 94245 94240 94222 94458 94793 94894 94962 94939 95039 95079 95135 95360 95376 95361 95370 95458 95466 95618 95547 95598 95723 95978 96075 96126 96298 96506 96672 96739 96816 96905 96970 97188 97301 97429 97474 97468 97439 97505 97496 97543 97582 97621 97756 97741 97794 97897 97991 98072 98129 98175 98203 98237 98231 98236 98278 98259 98286 98318 98393 98475 98550 98575 98600 98627 98641 98603 98569 98572 98624 98635 98557 98491 98505 98535
"23" 22 88268 87308 88214 88105 88560 89436 90307 90502 90741 91374 91329 91465 91912 92118 93310 93533 93670 94057 94048 94025 94255 94602 94695 94765 94754 94858 94895 94961 95186 95203 95184 95193 95270 95269 95412 95327 95375 95499 95757 95855 95909 96091 96305 96478 96542 96619 96710 96770 97003 97130 97272 97312 97308 97270 97341 97332 97387 97418 97455 97596 97579 97632 97738 97840 97927 97989 98041 98066 98093 98091 98095 98136 98112 98138 98171 98254 98347 98425 98448 98476 98507 98521 98475 98430 98440 98496 98505 98401 98329 98363 98402
"24" 23 87955 86989 87900 87784 88253 89172 90054 90249 90483 91106 91005 91125 91624 91864 93095 93326 93481 93868 93852 93826 94054 94414 94500 94566 94567 94680 94722 94795 95013 95031 95008 95017 95089 95074 95206 95111 95154 95284 95538 95645 95694 95885 96102 96287 96348 96424 96513 96572 96821 96958 97111 97150 97148 97103 97178 97165 97226 97251 97291 97440 97418 97475 97582 97694 97788 97855 97909 97933 97955 97952 97952 97998 97966 97989 98024 98114 98219 98300 98316 98350 98383 98396 98342 98286 98300 98362 98374 98239 98160 98212 98263
"25" 24 87633 86665 87578 87454 87940 88902 89795 89989 90220 90835 90686 90799 91345 91618 92884 93123 93292 93679 93659 93631 93860 94234 94315 94378 94384 94505 94559 94632 94850 94862 94837 94842 94918 94891 95019 94911 94942 95082 95333 95441 95488 95686 95901 96100 96161 96235 96321 96378 96640 96787 96952 96990 96988 96937 97015 96999 97061 97088 97133 97289 97261 97322 97431 97555 97652 97723 97781 97801 97820 97812 97813 97860 97822 97839 97877 97976 98087 98170 98185 98224 98257 98267 98205 98135 98152 98223 98239 98069 97984 98053 98119
"26" 25 87309 86337 87248 87119 87623 88626 89532 89727 89955 90567 90384 90495 91077 91381 92678 92926 93106 93491 93468 93440 93673 94058 94136 94199 94207 94332 94393 94463 94694 94700 94672 94670 94751 94715 94842 94721 94741 94882 95138 95248 95289 95492 95705 95915 95976 96053 96132 96187 96455 96620 96796 96832 96828 96771 96853 96833 96893 96922 96975 97138 97108 97171 97284 97417 97519 97594 97660 97672 97688 97677 97677 97721 97680 97690 97733 97837 97957 98039 98054 98095 98130 98136 98064 97979 97997 98078 98096 97893 97795 97886 97968
"27" 26 86981 86007 86912 86779 87299 88345 89266 89462 89689 90304 90100 90214 90816 91151 92477 92733 92922 93308 93280 93253 93494 93887 93965 94030 94039 94169 94228 94295 94538 94541 94507 94500 94579 94535 94664 94531 94548 94688 94946 95061 95096 95303 95509 95735 95794 95874 95945 95997 96274 96455 96638 96673 96670 96605 96689 96663 96724 96752 96809 96981 96953 97017 97135 97278 97385 97469 97539 97548 97555 97543 97542 97582 97536 97543 97593 97700 97825 97908 97922 97963 97999 98002 97923 97823 97836 97928 97946 97709 97595 97708 97807
"28" 27 86649 85675 86572 86434 86969 88057 88994 89193 89423 90045 89829 89947 90558 90923 92275 92541 92739 93127 93098 93071 93322 93721 93800 93869 93879 94015 94069 94133 94382 94385 94341 94331 94406 94356 94480 94340 94360 94500 94753 94873 94910 95122 95319 95559 95613 95697 95760 95808 96095 96290 96478 96514 96512 96437 96518 96491 96547 96577 96636 96815 96791 96859 96979 97139 97251 97343 97416 97423 97422 97408 97408 97443 97392 97396 97450 97564 97693 97777 97790 97830 97864 97867 97779 97663 97670 97769 97790 97518 97386 97519 97638
"29" 28 86311 85336 86225 86082 86632 87761 88715 88917 89152 89784 89565 89686 90298 90693 92069 92347 92554 92942 92911 92886 93147 93552 93634 93706 93717 93861 93913 93974 94223 94227 94172 94162 94232 94182 94292 94151 94163 94313 94561 94685 94715 94940 95137 95383 95434 95518 95573 95621 95910 96117 96313 96350 96346 96261 96342 96312 96361 96394 96454 96638 96614 96687 96813 96995 97119 97216 97292 97297 97289 97278 97276 97308 97250 97249 97306 97424 97560 97645 97657 97696 97729 97730 97631 97494 97499 97603 97629 97317 97166 97323 97458
"30" 29 85966 84990 85874 85724 86286 87458 88426 88634 88875 89518 89300 89425 90034 90458 91858 92147 92366 92754 92719 92693 92966 93376 93462 93537 93547 93699 93753 93812 94063 94066 94002 93990 94055 94007 94112 93958 93960 94123 94371 94489 94517 94758 94962 95212 95258 95343 95390 95439 95725 95944 96149 96189 96178 96080 96165 96132 96177 96207 96272 96458 96429 96505 96636 96843 96985 97091 97166 97169 97155 97145 97143 97175 97114 97104 97161 97281 97422 97510 97520 97556 97592 97589 97478 97324 97325 97435 97459 97106 96932 97114 97272
"31" 30 85611 84633 85517 85358 85931 87147 88128 88340 88589 89241 89029 89156 89764 90214 91639 91939 92173 92562 92526 92500 92780 93197 93288 93362 93372 93530 93583 93643 93896 93900 93837 93814 93875 93827 93935 93765 93763 93933 94179 94297 94322 94578 94785 95045 95091 95173 95212 95260 95545 95774 95989 96028 96010 95893 95984 95945 95992 96016 96086 96273 96237 96315 96451 96687 96847 96963 97039 97041 97019 97006 97006 97043 96978 96961 97017 97137 97282 97374 97382 97415 97450 97446 97321 97155 97149 97262 97284 96885 96687 96893 97077
"32" 31 85244 84264 85152 84984 85565 86827 87817 88033 88291 88950 88744 88875 89486 89961 91412 91722 91972 92362 92329 92306 92591 93014 93112 93183 93191 93354 93405 93470 93720 93728 93667 93634 93688 93641 93750 93568 93563 93732 93982 94105 94129 94395 94603 94873 94922 95004 95032 95080 95363 95598 95821 95856 95834 95698 95790 95744 95796 95817 95886 96075 96033 96111 96248 96519 96700 96828 96908 96911 96881 96865 96867 96911 96838 96815 96873 96992 97141 97234 97242 97272 97305 97298 97164 96981 96970 97084 97103 96656 96432 96664 96868
"33" 32 84862 83878 84775 84595 85185 86495 87493 87714 87979 88642 88445 88581 89196 89697 91175 91495 91761 92150 92117 92100 92393 92825 92927 92997 93003 93169 93222 93290 93542 93549 93487 93443 93495 93442 93551 93359 93357 93520 93776 93897 93925 94200 94418 94695 94741 94830 94855 94897 95181 95417 95646 95679 95652 95500 95588 95537 95583 95608 95676 95868 95817 95893 96034 96334 96545 96683 96765 96773 96741 96724 96723 96769 96692 96667 96729 96849 96998 97091 97098 97127 97160 97145 97000 96801 96782 96905 96921 96423 96168 96423 96649
"34" 33 84460 83475 84379 84188 84789 86147 87154 87381 87652 88318 88130 88272 88893 89419 90925 91256 91537 91926 91893 91880 92183 92627 92735 92800 92804 92974 93029 93095 93358 93358 93289 93237 93295 93233 93339 93140 93141 93303 93562 93676 93707 93990 94223 94511 94553 94645 94673 94712 94998 95234 95465 95497 95461 95292 95377 95321 95357 95388 95459 95649 95588 95664 95814 96140 96380 96528 96613 96627 96593 96578 96574 96624 96544 96519 96584 96703 96854 96947 96949 96980 97010 96992 96831 96615 96587 96719 96734 96186 95895 96169 96420
"35" 34 84036 83049 83958 83757 84372 85781 86798 87033 87310 87976 87798 87947 88574 89126 90660 91001 91297 91690 91660 91651 91962 92421 92535 92599 92597 92770 92824 92892 93160 93154 93076 93019 93086 93017 93118 92912 92909 93076 93338 93450 93483 93773 94015 94319 94361 94454 94484 94525 94814 95056 95284 95312 95269 95079 95160 95103 95128 95164 95233 95422 95354 95427 95584 95940 96205 96364 96451 96470 96434 96420 96421 96475 96392 96364 96430 96553 96706 96801 96799 96827 96853 96832 96658 96424 96388 96529 96540 95942 95616 95912 96184
"36" 35 83586 82599 83508 83297 83932 85394 86422 86669 86952 87616 87448 87606 88237 88814 90376 90729 91037 91439 91412 91409 91729 92200 92320 92387 92378 92553 92605 92678 92946 92933 92851 92791 92858 92789 92883 92668 92663 92832 93102 93215 93248 93550 93797 94118 94161 94257 94289 94328 94625 94876 95102 95125 95072 94861 94937 94876 94891 94930 95000 95184 95116 95184 95345 95733 96021 96193 96281 96304 96264 96254 96259 96316 96234 96199 96271 96400 96549 96653 96647 96671 96692 96664 96479 96228 96183 96329 96337 95692 95327 95653 95941
"37" 36 83111 82124 83027 82806 83465 84982 86026 86287 86575 87239 87081 87249 87881 88483 90070 90435 90753 91170 91147 91150 91482 91966 92087 92160 92145 92322 92373 92445 92715 92697 92610 92550 92610 92539 92630 92409 92400 92570 92844 92962 92997 93316 93563 93903 93945 94046 94079 94118 94419 94678 94916 94928 94863 94632 94702 94636 94642 94681 94751 94934 94862 94932 95094 95511 95829 96011 96103 96129 96082 96077 96084 96146 96072 96030 96106 96240 96386 96499 96492 96508 96528 96492 96297 96027 95974 96122 96128 95436 95028 95383 95690
"38" 37 82617 81625 82514 82282 82970 84544 85607 85885 86178 86842 86693 86874 87504 88132 89740 90116 90446 90880 90862 90873 91217 91716 91835 91915 91893 92077 92129 92197 92467 92440 92350 92284 92347 92275 92363 92133 92120 92293 92563 92692 92729 93066 93317 93668 93711 93816 93860 93896 94199 94467 94717 94722 94640 94400 94460 94388 94384 94423 94489 94679 94591 94665 94826 95272 95626 95817 95913 95940 95886 95888 95896 95966 95896 95856 95930 96067 96215 96336 96329 96339 96359 96315 96109 95820 95759 95911 95912 95167 94723 95100 95431
"39" 38 82106 81107 81977 81725 82444 84078 85162 85457 85756 86423 86283 86477 87105 87760 89383 89771 90113 90566 90553 90573 90927 91444 91561 91646 91613 91806 91859 91923 92200 92158 92066 91998 92060 91986 92068 91826 91818 92000 92265 92403 92437 92792 93057 93412 93459 93564 93621 93661 93964 94242 94493 94500 94406 94152 94204 94120 94108 94147 94211 94400 94305 94376 94541 95021 95406 95609 95706 95734 95672 95681 95695 95773 95703 95669 95743 95883 96035 96162 96155 96165 96186 96135 95914 95606 95538 95689 95686 94890 94405 94813 95162
"40" 39 81578 80569 81418 81138 81886 83582 84690 85002 85308 85979 85846 86055 86682 87367 88998 89396 89753 90223 90213 90244 90608 91144 91258 91349 91301 91501 91558 91616 91905 91859 91756 91686 91749 91667 91745 91498 91488 91680 91947 92091 92123 92494 92774 93137 93191 93296 93364 93409 93715 94004 94257 94262 94170 93902 93945 93846 93830 93869 93931 94110 94011 94077 94243 94759 95178 95386 95484 95513 95446 95459 95478 95567 95497 95464 95545 95692 95845 95978 95967 95983 96003 95948 95713 95385 95311 95458 95452 94601 94072 94517 94885
"41" 40 81032 80014 80843 80524 81298 83054 84187 84515 84830 85508 85380 85604 86231 86950 88581 88990 89364 89846 89834 89878 90253 90813 90925 91022 90961 91167 91228 91280 91576 91533 91426 91343 91406 91328 91399 91145 91128 91324 91612 91755 91786 92174 92465 92847 92913 93019 93095 93136 93450 93755 94012 94010 93921 93648 93686 93573 93555 93590 93645 93817 93710 93769 93938 94484 94936 95152 95253 95278 95206 95216 95244 95344 95272 95242 95334 95491 95642 95785 95767 95787 95807 95749 95507 95160 95073 95220 95205 94293 93724 94207 94594
"42" 41 80463 79437 80250 79885 80681 82496 83652 83994 84319 85008 84882 85121 85749 86504 88129 88548 88945 89432 89415 89472 89857 90449 90561 90663 90589 90804 90884 90920 91214 91177 91071 90985 91036 90953 91025 90757 90746 90946 91248 91392 91426 91836 92130 92529 92606 92717 92802 92839 93156 93482 93741 93735 93646 93371 93407 93287 93261 93297 93339 93501 93386 93440 93611 94183 94666 94896 95001 95022 94949 94955 94988 95099 95029 95003 95103 95270 95420 95580 95556 95575 95597 95534 95289 94928 94828 94975 94949 93976 93360 93884 94294
"43" 42 79863 78832 79636 79220 80036 81908 83083 83435 83771 84473 84350 84606 85233 86025 87638 88068 88490 88982 88961 89029 89420 90047 90160 90266 90179 90403 90503 90524 90823 90785 90672 90590 90639 90537 90613 90337 90324 90532 90847 90987 91036 91466 91762 92174 92256 92377 92480 92517 92835 93183 93444 93440 93341 93065 93104 92982 92952 92986 93018 93170 93043 93089 93259 93865 94378 94617 94725 94747 94675 94677 94711 94830 94761 94743 94854 95027 95177 95354 95331 95352 95371 95304 95056 94686 94578 94724 94688 93653 92981 93549 93981
"44" 43 79225 78193 78993 78528 79361 81288 82479 82836 83181 83898 83781 84057 84682 85510 87107 87547 87993 88492 88470 88547 88941 89602 89718 89827 89729 89962 90066 90089 90397 90356 90230 90144 90205 90089 90165 89877 89860 90075 90406 90548 90605 91059 91362 91780 91872 92005 92125 92170 92495 92856 93123 93122 93015 92735 92780 92652 92621 92660 92687 92824 92682 92726 92890 93532 94070 94314 94424 94447 94378 94379 94412 94541 94469 94456 94582 94764 94918 95109 95086 95115 95129 95064 94810 94426 94317 94464 94419 93319 92587 93203 93651
"45" 44 78544 77511 78312 77804 78652 80636 81838 82197 82548 83278 83171 83471 84094 84955 86535 86985 87449 87958 87939 88024 88424 89116 89233 89345 89241 89485 89587 89616 89927 89885 89755 89656 89725 89607 89687 89387 89359 89578 89920 90076 90144 90611 90938 91357 91460 91605 91733 91794 92130 92508 92780 92779 92672 92391 92439 92303 92271 92320 92349 92470 92314 92353 92512 93177 93743 93985 94095 94121 94053 94055 94087 94234 94154 94149 94281 94476 94636 94842 94824 94857 94870 94809 94544 94143 94041 94185 94140 92970 92174 92839 93304
"46" 45 77819 76783 77585 77039 77904 79948 81155 81515 81869 82610 82516 82846 83465 84358 85922 86381 86855 87378 87369 87455 87863 88586 88704 88813 88710 88968 89062 89088 89415 89362 89232 89129 89192 89072 89160 88854 88812 89033 89391 89546 89633 90114 90471 90895 91020 91167 91305 91373 91725 92127 92411 92410 92297 92018 92069 91929 91899 91956 91986 92106 91941 91965 92120 92801 93395 93636 93749 93772 93703 93704 93740 93897 93811 93819 93951 94158 94325 94544 94536 94576 94590 94532 94258 93846 93740 93883 93842 92604 91747 92458 92942
"47" 46 77046 76005 76809 76229 77111 79217 80428 80787 81143 81892 81815 82177 82792 83713 85263 85729 86205 86747 86753 86834 87252 88006 88126 88230 88127 88400 88494 88511 88859 88800 88659 88557 88621 88479 88581 88265 88226 88448 88808 88956 89060 89568 89957 90386 90539 90691 90834 90919 91277 91704 92002 92006 91885 91606 91662 91521 91493 91558 91584 91705 91544 91554 91705 92400 93018 93263 93375 93396 93327 93324 93361 93528 93445 93463 93596 93813 93985 94216 94219 94268 94280 94226 93950 93529 93412 93556 93521 92213 91295 92068 92570
"48" 47 76227 75177 75981 75370 76267 78437 79652 80009 80368 81122 81062 81458 82067 83014 84553 85024 85497 86059 86082 86157 86584 87367 87493 87596 87491 87777 87872 87880 88237 88184 88029 87927 88000 87844 87949 87620 87585 87819 88180 88317 88441 88970 89385 89841 90014 90172 90324 90430 90783 91237 91547 91557 91441 91166 91218 91080 91055 91129 91151 91265 91110 91124 91264 91972 92616 92863 92967 92989 92918 92915 92947 93126 93052 93077 93218 93438 93615 93856 93866 93926 93935 93889 93615 93189 93062 93207 93175 91796 90817 91654 92187
"49" 48 75359 74294 75102 74459 75369 77602 78820 79175 79541 80299 80252 80684 81286 82254 83781 84257 84731 85314 85357 85426 85862 86672 86806 86911 86803 87097 87183 87182 87552 87498 87332 87241 87311 87156 87261 86911 86890 87134 87513 87632 87767 88311 88754 89237 89429 89598 89773 89872 90230 90712 91034 91058 90946 90688 90735 90594 90568 90656 90677 90794 90638 90659 90800 91517 92180 92433 92533 92545 92474 92476 92502 92693 92624 92651 92813 93032 93216 93465 93476 93547 93559 93518 93253 92819 92691 92836 92803 91344 90310 91211 91790
"50" 49 74441 73354 74169 73491 74415 76707 77927 78279 78659 79418 79380 79848 80445 81427 82938 83420 83903 84499 84555 84624 85070 85909 86054 86167 86050 86353 86429 86415 86818 86741 86567 86494 86565 86404 86515 86140 86138 86386 86794 86900 87040 87596 88079 88570 88774 88977 89168 89269 89639 90138 90478 90514 90408 90170 90228 90084 90059 90155 90178 90300 90147 90169 90314 91051 91718 91977 92070 92072 91998 92002 92025 92232 92157 92189 92370 92593 92786 93038 93052 93134 93148 93111 92852 92414 92294 92436 92405 90860 89767 90746 91365
"51" 50 73469 72353 73181 72463 73400 75748 76970 77314 77711 78471 78436 78943 79537 80527 82016 82502 83009 83612 83666 83738 84194 85064 85225 85351 85213 85526 85604 85561 85994 85912 85727 85664 85730 85569 85701 85302 85320 85574 86010 86106 86258 86824 87335 87842 88052 88285 88500 88617 89004 89523 89881 89921 89829 89601 89677 89544 89524 89629 89652 89780 89625 89651 89799 90564 91245 91502 91590 91578 91497 91493 91512 91735 91649 91690 91885 92111 92316 92574 92591 92679 92695 92665 92407 91974 91859 92002 91977 90344 89184 90250 90911
"52" 51 72446 71291 72137 71373 72322 74723 75947 76278 76695 77449 77408 77957 78554 79550 81010 81501 82047 82659 82709 82783 83240 84142 84321 84465 84292 84608 84705 84635 85077 85000 84823 84762 84814 84655 84823 84403 84448 84716 85159 85239 85419 86002 86522 87055 87280 87522 87769 87895 88304 88850 89212 89261 89177 88965 89048 88939 88928 89045 89078 89211 89048 89081 89232 90022 90729 90988 91079 91057 90968 90952 90963 91196 91110 91156 91357 91590 91801 92077 92092 92178 92198 92175 91919 91495 91379 91534 91509 89792 88562 89720 90430
"53" 52 71373 70176 71037 70221 71182 73633 74857 75173 75611 76353 76296 76888 77490 78494 79921 80417 81014 81631 81675 81762 82214 83145 83342 83506 83290 83607 83716 83630 84099 83988 83824 83790 83827 83658 83858 83435 83506 83779 84249 84316 84519 85125 85662 86206 86448 86709 86973 87109 87537 88094 88480 88528 88457 88266 88356 88266 88275 88400 88451 88588 88421 88458 88618 89428 90152 90428 90526 90498 90409 90381 90385 90612 90523 90582 90792 91031 91237 91539 91551 91637 91663 91641 91388 90970 90857 91022 91000 89198 87901 89153 89914
"54" 53 70256 69014 69883 69010 69979 72479 73699 74000 74463 75188 75105 75735 76342 77357 78749 79252 79903 80518 80544 80652 81112 82071 82279 82463 82208 82525 82637 82540 83052 82922 82719 82733 82764 82578 82795 82377 82480 82757 83255 83339 83557 84183 84749 85294 85547 85831 86111 86258 86705 87277 87682 87742 87678 87509 87604 87523 87559 87708 87774 87919 87746 87779 87951 88789 89526 89819 89927 89900 89818 89774 89781 89992 89889 89961 90185 90431 90632 90952 90963 91058 91087 91063 90810 90393 90290 90464 90457 88557 87194 88547 89357
"55" 54 69096 67815 68679 67746 68718 71264 72472 72757 73247 73958 73842 74503 75107 76140 77490 78006 78709 79320 79315 79438 79918 80924 81131 81325 81041 81364 81489 81389 81936 81788 81571 81597 81624 81440 81652 81228 81356 81651 82165 82268 82525 83171 83761 84321 84595 84879 85186 85339 85804 86408 86823 86913 86850 86700 86792 86726 86785 86966 87051 87208 87027 87054 87236 88098 88854 89170 89273 89265 89186 89129 89134 89347 89231 89302 89539 89784 89992 90326 90332 90436 90464 90437 90180 89767 89670 89854 89864 87867 86438 87899 88757
"56" 55 67897 66583 67428 66433 67403 69993 71175 71441 71957 72656 72508 73194 73786 74843 76144 76675 77426 78039 78003 78134 78634 79703 79912 80102 79792 80127 80276 80161 80744 80585 80365 80396 80406 80219 80454 79986 80144 80439 80985 81082 81389 82082 82691 83274 83561 83862 84194 84335 84814 85459 85885 86007 85940 85816 85913 85861 85940 86142 86257 86430 86252 86280 86479 87352 88132 88468 88561 88572 88500 88441 88435 88669 88536 88609 88844 89080 89307 89656 89653 89755 89788 89762 89501 89088 88996 89186 89206 87115 85629 87196 88122
"57" 56 66648 65316 66128 65074 66036 68667 69809 70051 70589 71278 71100 71809 72385 73473 74717 75263 76054 76672 76608 76747 77267 78401 78611 78796 78469 78813 78996 78872 79475 79333 79079 79125 79132 78912 79174 78673 78844 79138 79707 79811 80145 80906 81558 82149 82446 82772 83140 83252 83746 84422 84843 85003 84944 84849 84967 84907 85015 85247 85374 85575 85403 85452 85654 86544 87340 87688 87782 87811 87756 87699 87696 87947 87807 87886 88109 88332 88572 88932 88919 89022 89055 89030 88775 88363 88273 88462 88493 86297 84758 86439 87439
"58" 57 65336 63997 64774 63664 64617 67287 68375 68583 69139 69821 69614 70346 70906 72033 73214 73776 74595 75219 75128 75275 75820 77018 77217 77396 77070 77422 77666 77513 78139 77984 77703 77766 77775 77541 77789 77271 77456 77742 78333 78444 78796 79620 80319 80937 81264 81593 82009 82112 82611 83313 83730 83914 83879 83817 83954 83905 84026 84290 84424 84656 84486 84561 84763 85672 86477 86844 86939 86988 86949 86905 86911 87179 87035 87124 87341 87554 87783 88156 88139 88247 88274 88239 87990 87585 87498 87681 87728 85428 83826 85629 86693
"59" 58 63943 62608 63359 62196 63142 65850 66877 67039 67609 68284 68046 68803 69348 70518 71632 72211 73050 73687 73587 73737 74306 75573 75751 75908 75591 75970 76211 76084 76705 76518 76211 76317 76314 76062 76316 75750 75974 76256 76871 76977 77352 78215 78950 79617 80006 80331 80773 80872 81391 82103 82519 82722 82684 82676 82831 82800 82940 83214 83383 83633 83464 83577 83801 84718 85545 85926 86027 86098 86067 86046 86067 86354 86213 86298 86528 86740 86955 87325 87318 87418 87438 87395 87148 86747 86668 86846 86910 84506 82832 84751 85880
"60" 59 62452 61132 61874 60663 61605 64351 65319 65422 66001 66667 66393 67176 67710 68922 69969 70566 71417 72078 71994 72150 72728 74059 74216 74331 74003 74421 74576 74489 75177 74936 74598 74744 74743 74457 74739 74145 74377 74680 75322 75423 75810 76712 77502 78186 78640 79005 79459 79535 80087 80814 81221 81433 81399 81434 81616 81602 81759 82068 82256 82530 82361 82516 82764 83685 84545 84940 85041 85134 85118 85105 85143 85471 85330 85421 85668 85879 86091 86448 86440 86531 86546 86502 86255 85848 85778 85957 86035 83520 81780 83808 85011
"61" 60 60852 59552 60311 59057 59999 62783 63698 63740 64331 64988 64669 65475 65998 67243 68221 68838 69693 70370 70313 70476 71056 72444 72581 72648 72285 72736 72872 72705 73474 73269 72869 73028 73034 72737 73052 72433 72703 72996 73666 73755 74135 75090 75933 76618 77123 77531 78046 78113 78712 79456 79862 80068 80037 80117 80309 80321 80516 80862 81054 81350 81191 81366 81634 82581 83465 83894 83994 84101 84097 84084 84137 84510 84370 84487 84750 84943 85167 85525 85509 85590 85599 85553 85305 84894 84821 85011 85102 82455 80663 82800 84083
"62" 61 59147 57868 58665 57371 58319 61140 62010 61989 62607 63261 62894 63719 64231 65493 66396 67030 67881 68562 68529 68687 69269 70721 70845 70865 70457 70940 71146 70903 71591 71446 71084 71219 71203 70909 71268 70620 70932 71250 71920 71977 72380 73370 74272 74954 75513 75925 76518 76612 77240 77991 78414 78621 78571 78691 78887 78914 79169 79548 79743 80069 79905 80108 80386 81367 82279 82737 82865 83000 83005 82996 83054 83465 83347 83497 83775 83951 84188 84564 84537 84601 84592 84534 84295 83880 83809 83998 84105 81313 79471 81732 83092
"63" 62 57356 56093 56935 55601 56559 59412 60246 60161 60814 61477 61070 61918 62416 63682 64502 65147 65986 66675 66671 66807 67371 68896 69023 68997 68535 69053 69302 69034 69674 69420 69097 69304 69231 68935 69345 68691 69023 69391 70094 70106 70538 71579 72527 73207 73808 74249 74881 74997 75639 76375 76825 77046 77002 77136 77347 77402 77696 78110 78337 78695 78518 78744 79041 80022 80988 81459 81634 81806 81835 81828 81893 82342 82239 82436 82740 82915 83161 83541 83524 83562 83532 83450 83222 82802 82744 82916 83032 80109 78212 80598 82037
"64" 63 55502 54247 55122 53746 54714 57593 58396 58253 58943 59620 59188 60068 60556 61818 62548 63193 64015 64706 64738 64854 65374 66952 67096 67041 66512 67062 67283 67026 67722 67376 66907 67221 67171 66824 67290 66615 67017 67387 68135 68150 68592 69692 70666 71351 71983 72451 73139 73266 73923 74671 75097 75344 75333 75488 75713 75787 76116 76553 76842 77229 77052 77296 77617 78579 79607 80094 80314 80506 80570 80570 80661 81142 81038 81277 81614 81810 82061 82460 82445 82469 82422 82318 82069 81670 81608 81766 81894 78832 76885 79391 80911
"65" 64 53602 52345 53227 51803 52778 55676 56452 56263 56986 57676 57235 58160 58646 59908 60543 61176 61971 62649 62702 62809 63284 64889 65038 64977 64388 64961 65157 64883 65665 65318 64772 65017 65008 64691 65156 64442 64919 65297 66071 66093 66595 67734 68728 69423 70083 70545 71297 71457 72132 72929 73325 73573 73594 73783 74031 74107 74468 74933 75242 75681 75516 75774 76119 77069 78129 78643 78881 79104 79212 79231 79351 79870 79765 80041 80387 80601 80891 81309 81299 81318 81260 81148 80862 80471 80402 80554 80702 77484 75488 78112 79719
"66" 65 51669 50402 51250 49772 50748 53655 54408 54189 54942 55641 55203 56181 56675 57947 58491 59104 59865 60511 60558 60662 61103 62732 62865 62797 62162 62765 62927 62563 63420 63086 62563 62797 62686 62425 62957 62153 62693 63087 63902 63928 64472 65676 66692 67387 68078 68546 69327 69514 70246 71076 71479 71736 71735 71955 72246 72334 72727 73201 73535 74014 73866 74163 74534 75484 76552 77088 77336 77609 77757 77802 77953 78517 78427 78735 79081 79294 79635 80073 80098 80112 80044 79929 79619 79211 79136 79285 79447 76076 74033 76762 78472
"67" 66 49697 48417 49197 47659 48629 51533 52268 52037 52816 53520 53089 54121 54627 55920 56378 56968 57700 58309 58334 58437 58842 60496 60613 60526 59831 60472 60637 60229 61080 60733 60226 60565 60404 60031 60656 59849 60397 60801 61646 61700 62241 63500 64591 65277 65983 66463 67269 67444 68212 69094 69515 69790 69780 70015 70332 70437 70884 71353 71725 72237 72097 72447 72854 73812 74884 75416 75695 76027 76208 76290 76469 77075 77022 77356 77706 77920 78281 78758 78831 78838 78760 78640 78316 77912 77824 77948 78122 74598 72527 75361 77156
"68" 67 47660 46376 47075 45480 46439 49325 50044 49813 50620 51326 50899 51980 52497 53815 54188 54757 55471 56049 56058 56172 56534 58193 58297 58197 57418 58074 58293 57865 58717 58318 57809 58217 58118 57675 58232 57454 58088 58468 59325 59373 59942 61222 62377 63106 63828 64278 65142 65268 66063 66970 67433 67734 67753 68015 68325 68456 68961 69445 69815 70362 70228 70607 71064 72055 73117 73667 73970 74332 74553 74674 74887 75540 75521 75887 76269 76476 76859 77360 77468 77479 77400 77286 76952 76563 76461 76556 76732 73055 70964 73902 75771
"69" 68 45533 44260 44888 43250 44200 47049 47747 47519 48358 49073 48644 49769 50292 51632 51919 52471 53174 53719 53717 53861 54188 55834 55911 55813 54960 55601 55889 55421 56271 55856 55296 55761 55687 55289 55839 54910 55642 56066 56912 56944 57550 58847 60018 60808 61608 62024 62930 63011 63823 64714 65198 65557 65603 65891 66210 66336 66897 67423 67811 68342 68207 68647 69136 70165 71225 71814 72141 72523 72788 72945 73201 73912 73923 74332 74754 74959 75363 75875 75990 76026 75961 75853 75523 75139 75035 75124 75290 71449 69337 72373 74320
"70" 69 43293 42053 42640 40984 41933 44725 45389 45154 46033 46769 46329 47498 48028 49379 49572 50114 50810 51316 51308 51495 51804 53438 53478 53378 52477 53113 53464 52998 53834 53377 52773 53263 53160 52836 53451 52429 53067 53551 54449 54435 55063 56387 57592 58381 59265 59720 60645 60673 61509 62363 62830 63224 63321 63639 63998 64114 64710 65287 65703 66235 66068 66556 67073 68111 69204 69835 70168 70609 70903 71107 71395 72181 72235 72674 73127 73339 73788 74291 74420 74469 74416 74335 74007 73631 73535 73619 73801 69781 67646 70777 72799
"71" 70 40927 39743 40337 38692 39654 42373 42986 42711 43628 44402 43942 45161 45710 47062 47150 47687 48382 48845 48846 49078 49373 50999 51003 50887 49941 50589 50927 50467 51384 50871 50189 50712 50549 50264 50931 49920 50526 50929 51852 51836 52418 53792 55043 55780 56698 57199 58197 58189 59077 59935 60354 60771 60883 61265 61694 61827 62455 63051 63491 64068 63869 64358 64889 65931 67041 67738 68099 68576 68905 69137 69470 70334 70418 70906 71390 71602 72115 72612 72753 72817 72758 72714 72396 72044 71950 72025 72232 68029 65887 69103 71212
"72" 71 38452 37337 37980 36371 37361 39995 40543 40198 41138 41954 41459 42736 43322 44679 44658 45188 45879 46299 46323 46600 46873 48483 48456 48326 47334 47983 48341 47845 48854 48394 47598 48142 47958 47642 48338 47313 47982 48369 49161 49124 49737 51118 52401 53135 54050 54553 55625 55627 56514 57405 57805 58225 58316 58732 59250 59428 60101 60725 61155 61777 61570 62074 62592 63623 64749 65475 65901 66419 66801 67040 67456 68378 68476 69042 69559 69774 70333 70843 70987 71071 70994 70971 70665 70359 70269 70346 70565 66185 64054 67343 69544
"73" 72 35918 34866 35571 34008 35036 37581 38063 37635 38592 39436 38883 40219 40850 42219 42102 42627 43302 43671 43720 44045 44301 45888 45829 45705 44691 45332 45743 45161 46188 45801 45002 45520 45323 45013 45653 44575 45316 45765 46496 46319 46973 48384 49664 50443 51367 51868 52978 52979 53899 54776 55158 55589 55649 56054 56612 56866 57600 58291 58735 59381 59179 59703 60217 61222 62347 63069 63515 64112 64574 64849 65318 66316 66421 67067 67615 67837 68447 68964 69120 69225 69134 69114 68810 68549 68489 68570 68811 64252 62148 65504 67792
"74" 73 33374 32368 33118 31594 32658 35116 35540 35043 36019 36880 36244 37621 38294 39672 39480 40013 40669 40986 41053 41421 41664 43236 43141 43037 42039 42678 43106 42453 43455 43039 42289 42873 42633 42306 42898 41760 42530 43026 43776 43574 44131 45544 46874 47626 48597 49114 50247 50210 51166 52042 52375 52839 52890 53284 53832 54134 54974 55701 56193 56893 56669 57240 57763 58767 59859 60583 61020 61674 62199 62543 63039 64132 64221 64965 65544 65763 66445 66965 67128 67272 67181 67153 66852 66620 66588 66689 66963 62240 60152 63575 65958
"75" 74 30867 29879 30639 29127 30212 32588 32972 32437 33448 34319 33580 34966 35657 37035 36782 37338 37986 38271 38344 38741 38968 40527 40396 40319 39354 40003 40405 39755 40790 40262 39486 40170 39968 39592 40128 38981 39706 40223 41006 40790 41375 42690 44031 44813 45760 46315 47476 47428 48358 49243 49533 50010 50082 50511 51021 51322 52245 53011 53521 54275 54058 54673 55208 56233 57322 58015 58451 59156 59698 60093 60663 61822 61907 62728 63352 63571 64323 64849 65027 65206 65114 65097 64792 64577 64542 64680 65004 60107 58074 61548 64021
"76" 75 28443 27461 28191 26661 27727 29998 30349 29825 30894 31775 30932 32291 32960 34316 34013 34590 35243 35537 35612 36031 36232 37773 37599 37560 36633 37277 37624 36972 38062 37506 36636 37337 37210 36860 37352 36180 36900 37391 38180 37890 38538 39877 41111 41899 42871 43400 44614 44596 45544 46409 46640 47158 47217 47697 48220 48474 49438 50261 50794 51568 51371 52039 52548 53598 54686 55360 55782 56526 57100 57512 58135 59378 59486 60356 61015 61241 62066 62587 62813 63020 62926 62922 62621 62414 62390 62528 62898 57830 55880 59422 61983
"77" 76 26086 25109 25782 24221 25242 27394 27702 27217 28355 29252 28326 29642 30257 31566 31220 31808 32463 32796 32878 33321 33497 35014 34781 34783 33904 34518 34862 34189 35273 34751 33860 34508 34365 34091 34625 33413 34102 34594 35328 34992 35652 37049 38298 38975 39964 40485 41717 41689 42658 43521 43678 44226 44300 44774 45348 45598 46578 47412 47987 48812 48575 49299 49814 50836 51932 52601 53026 53785 54380 54825 55454 56797 56968 57848 58554 58791 59692 60191 60447 60712 60618 60622 60326 60144 60143 60257 60647 55410 53558 57165 59850
"78" 77 23760 22783 23381 21800 22780 24829 25090 24635 25820 26733 25763 27048 27604 28852 28465 29047 29689 30054 30136 30612 30784 32282 31984 32013 31196 31770 32184 31489 32524 31968 31138 31809 31559 31279 31895 30721 31363 31841 32545 32165 32812 34193 35500 36186 37079 37581 38848 38741 39737 40573 40708 41244 41323 41807 42393 42671 43670 44463 45082 45960 45708 46462 46982 47989 49056 49748 50171 50956 51549 52029 52700 54091 54308 55231 55987 56227 57187 57675 57953 58253 58167 58197 57907 57766 57774 57872 58276 52835 51119 54768 57583
"79" 78 21465 20494 21016 19430 20370 22334 22540 22094 23290 24201 23216 24503 25025 26211 25785 26342 26956 27344 27420 27918 28100 29596 29245 29272 28514 29037 29505 28817 29783 29183 28379 29136 28860 28464 29110 28030 28691 29121 29787 29432 30044 31407 32696 33412 34354 34783 36043 35872 36826 37602 37733 38274 38303 38816 39394 39673 40732 41518 42137 43030 42775 43585 44056 45056 46106 46786 47197 48019 48645 49126 49847 51269 51488 52501 53304 53524 54513 55029 55345 55663 55567 55646 55367 55278 55279 55393 55795 50133 48549 52215 55169
"80" 79 19207 18259 18716 17147 18045 19930 20070 19604 20775 21665 20668 21983 22529 23678 23221 23737 24302 24688 24767 25264 25448 26954 26578 26576 25871 26322 26771 26145 27076 26444 25645 26419 26180 25792 26349 25305 26006 26441 27046 26723 27362 28705 29950 30633 31632 32133 33288 33052 33963 34657 34736 35283 35290 35804 36351 36641 37742 38564 39213 40065 39789 40642 41116 42036 43083 43741 44116 44957 45631 46136 46875 48344 48570 49637 50498 50699 51736 52263 52603 52946 52859 52977 52710 52668 52645 52803 53204 47338 45853 49521 52579
"81" 80 17006 16109 16527 15003 15854 17657 17729 17253 18374 19222 18199 19510 20100 21240 20773 21243 21753 22117 22198 22672 22835 24325 23968 23921 23271 23617 24049 23452 24381 23760 22973 23742 23484 23183 23693 22649 23335 23830 24390 24057 24677 25996 27197 27828 28789 29353 30461 30133 31037 31716 31716 32260 32243 32755 33281 33562 34684 35484 36167 37019 36682 37549 38030 38901 39911 40569 40910 41716 42469 42983 43735 45239 45473 46577 47475 47693 48811 49325 49687 50068 50017 50168 49910 49918 49881 50069 50479 44455 43066 46704 49818
"82" 81 14884 14065 14466 13011 13810 15526 15530 15056 16115 16915 15871 17139 17741 18871 18421 18856 19306 19626 19735 20163 20289 21737 21395 21310 20739 20981 21444 20868 21720 21176 20414 21200 20916 20635 21157 20180 20809 21319 21828 21517 22053 23319 24505 25082 25988 26484 27573 27228 28046 28753 28740 29237 29192 29683 30198 30463 31579 32340 33015 33880 33483 34344 34818 35646 36623 37267 37589 38387 39149 39685 40446 41984 42206 43323 44263 44514 45696 46204 46579 47035 47003 47211 46947 47045 47008 47219 47615 41472 40210 43776 46936
"83" 82 12869 12138 12527 11156 11897 13516 13444 12961 13943 14711 13682 14905 15498 16581 16152 16574 16969 17208 17358 17765 17848 19247 18898 18765 18302 18495 18949 18415 19186 18659 17966 18753 18471 18228 18721 17825 18425 18905 19340 19076 19548 20748 21876 22447 23279 23697 24757 24405 25175 25819 25806 26295 26211 26683 27174 27402 28505 29247 29902 30711 30301 31168 31605 32392 33303 33933 34210 35033 35759 36304 37117 38658 38868 39984 40960 41239 42455 42959 43334 43850 43827 44117 43862 44056 44005 44255 44635 38415 37283 40765 43933
"84" 83 10987 10351 10720 9440 10118 11627 11484 10998 11887 12624 11647 12836 13412 14409 13968 14377 14753 14913 15065 15476 15545 16872 16504 16337 15931 16135 16529 16032 16749 16221 15563 16359 16091 15895 16361 15531 16109 16583 16971 16717 17134 18282 19305 19847 20635 21015 22030 21652 22399 22997 22899 23428 23315 23767 24248 24415 25497 26218 26815 27602 27158 28008 28414 29150 29997 30552 30819 31647 32377 32902 33713 35269 35485 36611 37595 37868 39117 39626 39981 40528 40536 40898 40679 40964 40873 41185 41553 35278 34295 37651 40835
"85" 84 9260 8719 9059 7873 8481 9865 9664 9194 9986 10685 9773 10934 11497 12396 11912 12270 12644 12767 12895 13304 13386 14648 14215 14086 13661 13872 14237 13780 14421 13945 13307 14073 13836 13664 14110 13367 13890 14378 14739 14465 14831 15909 16883 17337 18085 18461 19411 19001 19720 20288 20142 20629 20511 20977 21432 21538 22574 23276 23794 24586 24108 24890 25285 25941 26733 27226 27462 28287 29014 29521 30286 31830 32093 33223 34175 34422 35709 36212 36546 37112 37152 37555 37377 37759 37646 38009 38364 32081 31266 34457 37659
"86" 85 7703 7254 7551 6465 7003 8246 8006 7578 8276 8932 8079 9194 9738 10548 10028 10304 10656 10768 10879 11299 11363 12570 12068 12008 11553 11747 12111 11675 12246 11808 11245 11954 11720 11587 12026 11348 11840 12311 12628 12388 12677 13654 14623 15006 15699 16031 16944 16490 17190 17706 17557 17993 17834 18314 18743 18780 19787 20465 20896 21652 21162 21873 22239 22813 23555 24031 24164 24968 25692 26160 26937 28437 28663 29837 30726 30969 32262 32714 33063 33647 33702 34145 33993 34459 34349 34740 35086 28846 28216 31222 34396
"87" 86 6321 5956 6202 5223 5695 6786 6527 6158 6770 7380 6583 7619 8118 8850 8329 8533 8846 8927 9057 9464 9464 10620 10125 10040 9664 9826 10162 9769 10259 9867 9359 10037 9795 9689 10117 9507 9974 10403 10665 10488 10718 11579 12514 12836 13491 13759 14611 14142 14799 15283 15125 15529 15358 15777 16174 16192 17163 17778 18154 18858 18345 18984 19304 19811 20479 20949 20993 21745 22432 22849 23642 25107 25284 26439 27310 27527 28815 29227 29573 30164 30220 30710 30573 31087 30986 31417 31789 25648 25162 27974 31075
"88" 87 5111 4819 5012 4146 4560 5497 5232 4928 5458 6018 5278 6215 6640 7286 6805 6974 7262 7290 7437 7808 7755 8827 8375 8257 7940 8116 8389 8049 8484 8121 7668 8292 8084 7987 8364 7865 8283 8682 8883 8749 8946 9716 10572 10821 11443 11667 12435 11959 12584 13040 12849 13207 13073 13438 13745 13773 14702 15252 15594 16240 15699 16278 16531 16995 17557 18004 17999 18667 19307 19658 20433 21837 22017 23113 23934 24145 25406 25790 26115 26687 26725 27257 27119 27679 27580 28066 28472 22584 22177 24737 27749
"89" 88 4069 3837 3980 3229 3594 4387 4128 3880 4329 4832 4153 4982 5325 5869 5442 5609 5904 5894 6035 6381 6296 7237 6824 6738 6420 6595 6829 6526 6912 6581 6173 6757 6574 6502 6835 6407 6794 7161 7300 7219 7363 8040 8826 9004 9574 9759 10468 9985 10571 11000 10784 11086 10941 11295 11538 11536 12409 12929 13226 13790 13249 13773 13970 14380 14844 15245 15186 15790 16377 16661 17369 18701 18847 19911 20685 20843 22108 22412 22736 23257 23297 23838 23688 24301 24191 24694 25136 19617 19358 21610 24446
"90" 89 3189 3004 3104 2466 2785 3451 3210 3006 3377 3813 3199 3918 4188 4628 4254 4418 4740 4729 4815 5141 5055 5866 5479 5410 5133 5271 5466 5223 5542 5242 4885 5418 5261 5212 5515 5132 5478 5821 5912 5862 5971 6542 7270 7384 7908 8034 8699 8243 8748 9149 8945 9191 9012 9349 9580 9525 10308 10793 11063 11532 11001 11477 11625 11984 12359 12683 12598 13123 13657 13860 14513 15723 15853 16850 17605 17693 18906 19182 19480 19955 19986 20509 20375 20973 20874 21364 21850 16733 16691 18702 21273
"91" 90 2464 2312 2382 1849 2123 2681 2465 2291 2593 2956 2409 3020 3238 3587 3268 3408 3732 3746 3740 4050 3980 4692 4326 4256 4009 4130 4293 4103 4382 4084 3790 4258 4114 4095 4359 4035 4342 4648 4712 4679 4754 5251 5883 5951 6442 6508 7104 6707 7150 7502 7284 7506 7328 7610 7828 7735 8436 8856 9101 9500 8989 9402 9514 9822 10096 10362 10271 10701 11175 11314 11892 12985 13074 14010 14694 14761 15876 16093 16391 16813 16831 17343 17210 17760 17681 18168 18674 13990 14134 15961 18335
"92" 91 1883 1752 1805 1364 1595 2061 1874 1717 1966 2258 1778 2285 2470 2743 2488 2592 2874 2898 2865 3149 3076 3695 3378 3305 3092 3182 3336 3184 3416 3150 2900 3301 3177 3153 3384 3106 3392 3656 3699 3682 3726 4146 4686 4722 5163 5211 5714 5353 5765 6074 5847 6021 5871 6089 6285 6172 6801 7150 7349 7706 7248 7563 7650 7890 8090 8325 8216 8566 8965 9071 9537 10529 10558 11400 12021 12055 13099 13238 13485 13880 13906 14386 14241 14746 14691 15142 15657 11435 11720 13347 15578
"93" 92 1429 1312 1355 995 1185 1573 1416 1268 1478 1709 1295 1705 1866 2075 1884 1957 2174 2177 2175 2406 2343 2849 2600 2544 2358 2417 2558 2441 2614 2384 2197 2534 2430 2393 2568 2341 2592 2830 2848 2843 2871 3209 3685 3682 4050 4110 4537 4196 4555 4834 4635 4744 4604 4791 4964 4831 5380 5676 5836 6131 5730 5972 6025 6205 6371 6554 6426 6704 7040 7095 7487 8359 8332 9063 9618 9644 10554 10682 10834 11213 11243 11667 11524 11987 11925 12352 12840 9122 9499 10913 12967
"94" 93 1083 977 1015 721 874 1198 1066 925 1105 1289 941 1266 1406 1556 1423 1472 1625 1595 1616 1810 1732 2141 1955 1915 1763 1794 1912 1812 1960 1758 1620 1903 1806 1785 1914 1729 1933 2147 2143 2154 2151 2437 2847 2808 3113 3164 3534 3231 3529 3772 3594 3673 3528 3686 3845 3700 4170 4408 4557 4758 4410 4622 4629 4779 4907 5047 4911 5113 5400 5396 5737 6481 6410 7037 7507 7520 8296 8388 8527 8848 8837 9226 9091 9519 9441 9831 10273 7080 7515 8701 10548
"95" 94 820 726 760 521 642 912 803 669 823 968 685 945 1064 1162 1070 1100 1201 1150 1180 1352 1264 1576 1436 1404 1282 1309 1397 1318 1429 1282 1165 1398 1313 1305 1401 1259 1411 1599 1587 1587 1583 1814 2148 2104 2368 2389 2695 2431 2680 2884 2726 2785 2656 2785 2915 2777 3169 3347 3480 3613 3314 3494 3482 3602 3683 3793 3667 3800 4030 3997 4286 4881 4795 5322 5705 5695 6357 6420 6541 6796 6778 7101 6984 7368 7303 7619 8006 5334 5796 6754 8377
"96" 95 606 529 557 368 460 675 588 473 596 711 488 693 788 849 780 799 871 819 847 984 916 1144 1033 1013 907 937 1004 945 1020 912 824 1008 939 936 1004 899 1017 1167 1159 1141 1159 1324 1593 1549 1775 1776 2023 1794 2002 2165 2034 2069 1964 2075 2163 2045 2361 2500 2601 2696 2444 2580 2572 2652 2701 2781 2675 2761 2937 2887 3125 3578 3502 3931 4237 4212 4759 4797 4893 5080 5093 5337 5236 5565 5503 5769 6099 3921 4372 5123 6517
"97" 96 429 373 392 249 317 478 410 322 414 502 333 488 558 598 543 556 614 574 591 699 645 820 729 716 630 657 707 663 718 632 567 709 657 656 708 629 721 838 826 816 826 952 1163 1120 1302 1298 1493 1302 1471 1601 1490 1511 1426 1514 1576 1474 1723 1835 1907 1973 1768 1868 1855 1911 1939 1998 1902 1960 2092 2040 2220 2573 2502 2842 3079 3049 3485 3504 3577 3710 3721 3917 3825 4096 4040 4258 4545 2818 3227 3806 4960
"98" 97 298 258 270 165 214 332 281 215 282 348 222 337 387 413 370 379 424 394 403 487 444 576 503 496 428 451 487 455 495 428 381 487 449 450 488 431 501 589 576 571 576 670 833 793 937 929 1081 925 1059 1160 1070 1080 1014 1081 1123 1038 1229 1318 1367 1411 1249 1321 1305 1344 1357 1399 1316 1354 1449 1401 1533 1799 1737 1998 2175 2145 2482 2488 2541 2633 2641 2793 2713 2928 2880 3053 3293 1966 2320 2753 3683
"99" 98 203 175 183 107 142 226 188 141 188 236 145 229 263 279 247 252 287 264 269 332 299 396 339 336 284 302 328 305 333 283 250 327 300 301 328 288 340 406 393 392 393 461 584 549 660 650 766 643 747 824 752 755 705 755 782 714 857 925 958 986 861 911 895 921 924 954 886 909 976 934 1028 1222 1171 1364 1493 1465 1717 1715 1753 1813 1818 1932 1866 2030 1990 2123 2316 1330 1622 1937 2665
"100" 99 136 116 121 68 92 151 124 90 122 157 92 152 175 184 160 164 190 173 175 221 197 266 224 222 184 198 216 200 219 183 160 215 196 197 216 188 225 273 262 262 262 310 401 372 455 446 532 437 515 573 517 516 479 515 532 479 583 634 655 672 579 613 598 615 613 633 580 593 639 604 669 805 765 904 995 970 1152 1147 1172 1209 1212 1295 1243 1363 1332 1430 1580 871 1102 1324 1876
"101" 100 89 76 79 42 58 99 80 56 78 102 58 98 114 119 102 104 123 111 111 144 127 175 144 144 116 126 139 128 141 115 100 138 125 126 139 120 146 180 170 172 171 204 269 246 307 299 361 290 348 389 347 344 317 343 354 314 387 424 437 447 379 401 389 399 395 408 368 375 405 379 422 515 484 581 642 622 749 743 759 781 783 840 800 886 862 932 1044 552 727 878 1284
"102" 101 57 48 50 25 36 63 50 34 49 65 35 62 73 75 63 64 77 70 69 92 80 112 91 91 71 79 87 80 88 71 61 86 77 79 87 74 92 116 108 110 109 131 177 159 202 196 240 188 229 259 228 224 206 224 229 200 251 277 285 289 242 256 246 252 248 256 227 231 250 230 257 319 297 361 402 386 472 465 476 487 489 527 498 556 539 587 667 339 465 564 853
"103" 102 36 30 31 15 22 40 31 20 30 41 21 39 45 46 38 39 48 43 42 57 49 71 56 56 43 48 53 49 54 42 36 52 47 48 53 45 57 73 67 69 67 82 113 100 130 125 155 119 148 168 146 142 130 142 145 124 158 176 181 182 150 159 151 155 151 156 136 137 149 135 152 191 176 218 243 232 288 282 289 294 295 319 300 337 326 357 413 201 288 352 550
"104" 103 22 18 19 9 13 24 19 12 18 25 12 24 28 28 23 23 29 25 25 35 29 43 33 34 25 29 32 29 32 25 21 31 28 28 32 27 34 45 41 42 41 50 71 62 82 78 98 73 93 107 91 88 80 88 89 75 97 109 112 112 90 96 90 92 89 92 79 79 86 77 87 111 101 127 143 135 170 166 169 172 172 187 174 198 190 210 246 115 173 212 344
"105" 104 13 11 11 5 8 15 11 7 10 15 7 14 16 16 13 13 17 15 14 21 17 26 19 20 14 17 19 17 19 14 12 18 16 16 18 15 20 27 24 25 24 30 43 37 51 48 61 44 57 66 56 53 48 53 54 44 58 66 67 67 53 56 53 54 51 53 44 44 48 43 48 63 56 72 81 76 97 94 96 97 97 106 98 112 107 119 142 64 101 124 208
"106" 105 8 6 7 3 4 9 6 4 6 9 4 8 10 9 7 7 10 8 8 12 10 15 11 11 8 9 11 10 11 8 6 10 9 9 10 9 12 16 14 15 14 18 26 22 30 28 37 26 34 40 33 31 28 31 31 25 34 39 39 39 30 32 30 30 28 29 24 24 26 23 26 34 30 39 44 41 53 51 53 53 53 58 53 61 58 65 79 34 57 70 122
"107" 106 5 4 4 1 2 5 4 2 3 5 2 5 5 5 4 4 5 5 4 7 5 9 6 6 4 5 6 5 6 4 3 6 5 5 6 5 7 9 8 8 8 10 15 12 18 16 22 15 20 24 19 18 16 18 18 14 19 22 22 22 17 18 16 17 15 16 13 13 14 12 14 18 16 21 24 22 29 27 28 28 28 31 28 32 31 35 43 18 31 38 70
"108" 107 3 2 2 1 1 3 2 1 2 3 1 3 3 3 2 2 3 3 2 4 3 5 3 3 2 3 3 3 3 2 2 3 3 3 3 3 4 5 4 5 4 6 9 7 10 9 12 8 11 14 11 10 9 10 10 8 11 12 12 12 9 10 9 9 8 8 7 6 7 6 7 9 8 11 12 11 15 14 14 14 14 16 14 16 16 18 22 9 16 20 38
"109" 108 1 1 1 0 1 2 1 1 1 2 1 1 2 2 1 1 2 1 1 2 2 3 2 2 1 1 2 1 2 1 1 2 1 1 2 1 2 3 2 2 2 3 5 4 6 5 7 4 6 8 6 6 5 5 5 4 6 7 7 6 5 5 5 5 4 4 3 3 4 3 3 5 4 5 6 5 7 7 7 7 7 8 7 8 8 9 11 4 8 10 20
"110" 109 1 1 1 0 0 1 1 0 0 1 0 1 1 1 1 1 1 1 1 1 1 1 1 1 1 1 1 1 1 1 0 1 1 1 1 1 1 1 1 1 1 2 3 2 3 3 4 2 3 4 3 3 3 3 3 2 3 4 4 3 2 3 2 2 2 2 2 2 2 1 2 2 2 3 3 3 4 3 3 3 3 4 3 4 4 4 5 2 4 5 11
"111" 110 1 1 1 0 0 1 1 0 1 1 0 1 1 1 1 1 1 1 1 1 1 1 1 1 1 1 1 1 1 1 0 1 1 1 1 1 1 2 1 1 1 2 3 2 3 3 4 3 4 5 4 3 3 3 3 2 3 4 4 3 2 2 2 2 2 2 1 1 1 1 1 2 2 2 3 2 3 3 3 3 3 3 3 3 3 4 5 2 4 5 10
